version: 1
creator: callgrind-3.11.0
pid: 7316
cmd:  ./a.out data/poker-train.data
part: 1


desc: I1 cache: 
desc: D1 cache: 
desc: LL cache: 

desc: Timerange: Basic block 0 - 45658992004
desc: Trigger: Program termination

positions: line
events: Ir
summary: 605108709205


ob=(1) /lib/x86_64-linux-gnu/ld-2.23.so
fl=(44) /build/glibc-Cl5G7W/glibc-2.23/elf/dl-version.c
fn=(158) match_symbol
76 110
+9 10
-8 10
-1 20
+1 10
+8 10
+6 30
+15 10
+1 20
+2 10
+5 20
+14 172
+12 228
+4 76
-30 152
+19 50
cfi=(19) /build/glibc-Cl5G7W/glibc-2.23/string/../sysdeps/x86_64/multiarch/../strcmp.S
cfn=(54) strcmp
calls=10 +11 
* 331
* 20
+35 80

fn=(156) _dl_check_map_versions
189 15
-15 45
+17 5
+3 15
-3 5
+2 5
+1 5
+2 5
-3 5
+3 5
+3 6
+4 3
-4 3
+4 12
+17 3
56 6
220 3
56 15
220 2
56 4
220 2
56 10
+1 16
-1 32
+2 63
cfi=(34) /build/glibc-Cl5G7W/glibc-2.23/elf/dl-misc.c
cfn=(106) _dl_name_match_p
calls=21 288 
* 2060
* 47
228 15
+5 40
+19 5
-15 155
cfn=(158)
calls=5 76 
* 754
* 20
cfn=(158)
calls=5 76 
* 615
* 10
+7 60
+3 30
+9 30
+5 6
+1 2
+8 6
+3 12
+10 33
-7 132
+3 99
-3 12
+3 9
+8 12
+87 8
-81 16
cfi=(17) /build/glibc-Cl5G7W/glibc-2.23/elf/dl-minimal.c
cfn=(36) calloc
calls=4 103 
* 152
* 4
+1 4
-2 4
+2 4
+11 4
+2 4
-5 4
+3 4
+2 4
-2 4
+2 4
+3 12
+4 15
+18 5
-15 15
+2 15
-2 15
+2 15
+2 10
+1 10
-1 20
+1 10
-1 10
+1 10
+1 10
-2 10
+2 20
+1 30
+3 30
+8 15
+5 2
+1 2
+4 12
+3 12
+20 33
-14 72
-2 33
+7 66
+1 33
-1 99
+1 33
-1 33
+1 33
+1 33
+3 108
+10 36
183 2
-8 2
+95 4
-80 2

fn=(154) _dl_check_all_versions
380 5
+4 7
+2 35
cfn=(156)
calls=5 189 
* 5601
-2 5
+2 15
-1 5
-1 10
+5 7

fl=(36) /build/glibc-Cl5G7W/glibc-2.23/io/../sysdeps/unix/sysv/linux/wordsize-64/fxstat.c
fn=(120) _fxstat
34 4
-1 4
+1 4
+1 24
+4 4

fl=(41) /build/glibc-Cl5G7W/glibc-2.23/elf/dl-deps.c
fn=(136) openaux
60 10
+7 5
-4 55
cfi=(22) /build/glibc-Cl5G7W/glibc-2.23/elf/dl-load.c
cfn=(104) _dl_map_object
calls=5 2189 
* 10700
* 5
+5 10

fn=(134) _dl_map_object_deps
161 1
-1 1
+1 1
-1 4
+1 1
-1 2
+1 1
-1 2
+1 1
-1 2
+1 3
-15 1
+15 1
-17 1
+1 1
+1 1
+6 4
+26 1
-26 1
+26 7
-34 1
+2 1
+33 2
-33 1
-2 1
+2 2
-2 1
+1 1
+1 1
+6 3
+26 1
-26 1
+26 5
+4 1
+21 1
+1 1
-22 2
+19 1
-12 1
+15 1
-16 2
+13 1
317 9
217 1
-4 1
-4 1
+8 5
-4 4
-4 4
+8 4
+12 10
+2 3
+11 3
-5 3
-6 6
+5 3
+2 6
+1 6
+3 21
+50 15
+1 9
-51 312
+1 156
+6 25
cfi=(27) /build/glibc-Cl5G7W/glibc-2.23/string/../sysdeps/x86_64/multiarch/../strchr.S
cfn=(74) index
calls=5 24 
* 163
* 10
+5 25
-3 5
+3 5
cfi=(32) /build/glibc-Cl5G7W/glibc-2.23/elf/dl-error.c
cfn=(96) _dl_catch_error
calls=5 -91 
* 11095
+2 15
+15 5
+2 10
+5 3
+6 3
+2 3
-8 6
+3 3
+1 3
+1 3
+1 3
+4 18
+7 219
459 15
+2 9
+2 9
cfi=(17)
cfn=(40) malloc
calls=3 94 
* 87
* 3
+2 3
-2 3
+2 3
+4 12
-1 3
+1 3
cfi=(18) /build/glibc-Cl5G7W/glibc-2.23/string/../sysdeps/x86_64/multiarch/../memcpy.S
cfn=(46) memcpy
calls=3 61 
* 68
+1 15
cfi=(18)
cfn=(46)
calls=3 61 
* 68
+4 3
-1 3
+5 28
+7 6
+1 1
+3 5
+10 4
cfi=(17)
cfn=(40)
calls=1 94 
* 29
* 1
+3 1
-3 1
+3 1
+5 6
+1 1
-1 3
+1 2
+8 2
+4 3
-4 1
-6 3
-2 4
+8 8
+4 12
-4 4
-6 12
+13 3
+51 3
+2 3
+42 1
-4 1
+5 2
-1 4
+1 2
cfi=(26) /build/glibc-Cl5G7W/glibc-2.23/string/../sysdeps/x86_64/multiarch/../memset.S
cfn=(72) memset
calls=1 53 
* 15
* 1
-2 9
+7 1
-1 1
+1 1
-1 2
+7 1
-7 1
+7 2
-13 3
+7 3
-1 3
+1 3
-1 6
+7 3
-7 3
+7 9
+2 12
+1 6
-1 12
+1 9
+2 30
+1 21
+28 27
cfi=(26)
cfn=(72)
calls=3 53 
* 54
* 15
-6 6
-28 12
+31 14
-6 2
+16 2
+2 1
+1 1
-1 1
+2 3
+7 3
+3 3
+3 8
481 12
-1 5
+1 11
202 2
+27 8
-19 4
+8 32
+2 3
+2 12
+2 30
338 8
611 8
cfi=(18)
cfn=(46)
calls=1 61 
* 42
+2 1
-38 1
+38 1
209 2

fl=(11) /build/glibc-Cl5G7W/glibc-2.23/string/../sysdeps/x86_64/strlen.S
fn=(22) strlen
66 18
+1 18
+1 18
+1 18
+1 18
+1 18
+1 18
+2 18
+2 18
+30 17
+1 17
+1 17
+1 17
+1 17
+1 8
+1 8
+4 9
+1 9
+1 9
+1 9
+1 9
+1 9
+1 9
+1 9
+1 9
+1 9
+1 9
+1 9
+5 72
+4 1
+1 14
+1 8

fl=(22)
fn=(138) open_path
2040 16
+1 2
+6 2
-6 2
+6 2
+5 18
+52 2
-59 2
-1 2
+60 2
-52 16
+74 8
-62 2
-9 2
+9 2
+7 8
cfi=(25) /build/glibc-Cl5G7W/glibc-2.23/string/../sysdeps/x86_64/memcpy.S
cfn=(70) mempcpy
calls=2 61 
* 62
+1 2
-1 2
+1 10
+20 8
-20 31
+3 16
+5 10
-1 5
+1 10
-1 15
cfi=(25)
cfn=(70)
calls=5 61 
* 99
* 20
cfi=(25)
cfn=(70)
calls=5 61 
* 115
-1 5
+7 5
-7 5
+7 5
+3 45
cfn=(108) open_verify.constprop.7
calls=5 1717 
* 220
* 5
+2 25
+26 4
+2 2
+39 14
+7 2
-2 2
+2 6
+3 6
+14 2
-27 2
+27 14
-84 8
+1 36
+6 4
+2 4
-2 4
+2 8
-2 4
+2 4
cfi=(42) /build/glibc-Cl5G7W/glibc-2.23/io/../sysdeps/unix/sysv/linux/wordsize-64/xstat.c
cfn=(140) _xstat
calls=4 34 
* 49
* 8
+1 1
+2 1
-2 1
+2 7
+7 3
-7 3
+7 9
-30 3
+23 6

fn=(76) fillin_rpath
444 7
+2 1
-2 9
+4 3
cfi=(17)
cfn=(78) strsep
calls=1 -94 
* 238
* 3
cfi=(17)
cfn=(78)
calls=1 -94 
* 6
* 6
+7 2
+35 15
+1 8
+55 2
+2 2
cob=(2) ???
cfi=(16) ???
cfn=(82) 0x0000000004000ab0
calls=1 0 
* 7
* 1
-39 2
+4 2
-1 4
cfi=(17)
cfn=(40)
calls=1 94 
* 29
* 1
+3 1
-3 1
+3 2
+5 1
+1 2
-2 1
+2 1
cfi=(25)
cfn=(70)
calls=1 61 
* 31
+3 1
-3 1
+1 1
+2 1
+6 2
+1 1
-1 2
+1 13
+1 11
-1 2
+3 2
+1 3
+7 1
+1 1
-1 2
383 3
cfi=(27)
cfn=(74)
calls=1 24 
* 23
* 2
+4 2
cfi=(28) /build/glibc-Cl5G7W/glibc-2.23/string/strdup.c
cfn=(80) strdup
calls=1 40 
* 94
* 1
+74 2
+5 2
cfi=(11)
cfn=(22)
calls=1 66 
* 16
+1 2
+7 6
+9 1
-4 3
+4 2
+26 2
+43 1
+3 9
-15 2
-9 2
-57 2

fn=(114) _dl_map_object_from_fd
893 33
+10 3
-10 3
+10 3
-10 9
+10 3
cfi=(29) /build/glibc-Cl5G7W/glibc-2.23/elf/dl-debug.c
cfn=(86) _dl_debug_initialize
calls=3 50 
* 24
fi=(35) /build/glibc-Cl5G7W/glibc-2.23/elf/../sysdeps/posix/dl-fileid.h
37 9
fe=(22)
903 3
fi=(35)
37 3
cfi=(36)
cfn=(120)
calls=3 -3 
* 30
* 6
+4 3
fe=(22)
919 3
fi=(35)
40 3
+1 3
fe=(22)
919 48
+1 18
fi=(35)
49 24
fe=(22)
1465 24
937 6
+24 6
+10 6
+22 12
+32 6
904 3
1028 21
cfi=(15) /build/glibc-Cl5G7W/glibc-2.23/elf/dl-object.c
cfn=(32) _dl_new_object
calls=3 61 
* 1227
+1 3
-1 3
+1 3
+11 6
+1 3
-1 3
+2 3
-1 3
+4 3
-1 6
-2 3
+2 6
+1 9
+1 3
+19 3
-2 3
+10 3
-8 18
+8 3
-8 9
+8 3
+87 3
+8 3
-8 12
+8 3
-8 9
-86 45
-1 192
+1 135
+6 6
+1 9
+1 3
+9 30
+5 48
+9 18
-1 18
+1 6
+1 12
+2 6
-2 6
+1 6
-1 6
+3 6
+4 6
-7 6
+2 6
+1 6
+4 6
+1 18
+4 9
-14 3
+14 18
+11 3
-11 9
-14 3
+14 18
+11 3
-44 2
+1 1
+46 3
+4 1
+1 1
+1 1
-1 2
+1 1
+3 3
+1 1
+3 1
-3 1
+7 4
+6 1
cfi=(30) /build/glibc-Cl5G7W/glibc-2.23/elf/dl-tls.c
cfn=(148) _dl_next_tls_modid
calls=1 49 
* 8
* 2
+1 1
+59 6
+1 9
+1 3
-6 6
+1 3
+8 9
1041 3
1229 3
1041 3
1229 3
+10 9
fi=(38) /build/glibc-Cl5G7W/glibc-2.23/elf/./dl-map-segments.h
56 6
fe=(22)
1239 9
fi=(38)
56 3
fe=(22)
1239 3
fi=(38)
56 3
fe=(22)
1239 6
fi=(38)
56 18
cfi=(37) /build/glibc-Cl5G7W/glibc-2.23/misc/../sysdeps/unix/sysv/linux/wordsize-64/mmap.c
cfn=(122) mmap
calls=3 -23 
* 105
+4 3
-4 3
+4 6
+3 6
+1 3
+2 3
-2 3
-1 3
+3 3
+10 6
fi=(40) /build/glibc-Cl5G7W/glibc-2.23/elf/./dl-load.h
+14 12
+1 9
+2 12
fi=(38)
+7 24
+6 3
+2 3
-2 3
+1 3
+2 3
-1 3
+1 3
-1 9
+8 6
+17 6
+12 6
-59 30
+2 6
+2 3
-2 6
+2 30
cfi=(37)
cfn=(122)
calls=3 -57 
* 93
* 9
fe=(22)
1251 12
+9 6
fi=(3) /build/glibc-Cl5G7W/glibc-2.23/elf/get-dynamic-info.h
39 3
fe=(22)
1260 3
fi=(3)
39 3
+6 3
-2 3
+2 6
+15 3
+5 3
+3 3
-1 3
-3 3
-3 62
+10 14
-26 42
+16 57
+10 57
-26 171
+26 3
-26 9
+2 148
+13 68
+2 12
+3 12
+13 6
+20 11
+1 12
+1 12
+1 12
+2 12
+5 12
+1 11
+1 12
+6 9
+5 6
+7 6
+1 9
+16 9
+5 2
+2 2
-2 2
+2 2
+2 4
+2 4
+3 9
+10 1
-8 4
+8 1
+5 2
+3 6
fe=(22)
1267 6
+15 9
+19 6
+2 15
+54 9
+1 2
+3 2
cfi=(24) /build/glibc-Cl5G7W/glibc-2.23/io/../sysdeps/unix/syscall-template.S
cfn=(132) close
calls=1 84 
* 5
* 4
cfi=(24)
cfn=(132)
calls=2 84 
* 10
* 6
+9 6
+2 9
+2 3
-2 3
+2 3
+16 6
cfi=(6) /build/glibc-Cl5G7W/glibc-2.23/elf/dl-lookup.c
cfn=(10) _dl_setup_hash
calls=3 956 
* 69
+4 6
+1 6
+17 6
+9 3
-5 9
+5 3
+10 6
+10 9
cfi=(15)
cfn=(48) _dl_add_to_namespace_list
calls=3 32 
* 129
+4 12
fi=(3)
68 12
+2 15
fe=(22)
1413 2
fi=(38)
119 6
+8 24
cfi=(26)
cfn=(72)
calls=3 -74 
* 298
* 12
-54 12
-1 18
cfi=(39) /build/glibc-Cl5G7W/glibc-2.23/misc/../sysdeps/unix/syscall-template.S
cfn=(126) mprotect
calls=3 +12 
* 15
* 3
fi=(40)
+22 10
+1 22
+3 8
fi=(38)
+39 9
cfi=(37)
cfn=(122)
calls=1 33 
* 31
+3 3
fe=(22)
1255 4

fn=(104)
2189 42
+8 6
-8 12
+8 6
+1 24
+3 93
+5 126
+2 54
cfi=(34)
cfn=(106)
calls=18 288 
* 2161
* 36
+4 30
+1 45
+3 6
+2 24
cfi=(19)
cfn=(54)
calls=6 144 
* 144
* 12
2500 48
2235 15
+9 3
-53 3
+53 6
+36 6
-2 3
+2 3
cfi=(27)
cfn=(74)
calls=3 24 
* 69
* 6
2431 2
383 3
cfi=(27)
cfn=(74)
calls=1 24 
* 47
* 2
+4 2
cfi=(28)
cfn=(80)
calls=1 40 
* 128
2432 1
-3 1
+3 2
+4 9
cfn=(108)
calls=1 1717 
* 299
+3 1
-3 1
+3 3
+12 3
+46 1
+1 3
-1 1
+1 9
cfn=(114)
calls=1 893 
* 1444
-1 2
+1 6
-1 2
+1 18
cfn=(114)
calls=2 893 
* 3211
* 12
2284 4
cfi=(11)
cfn=(22)
calls=2 66 
* 32
* 2
+2 2
-2 2
+2 2
+7 8
+35 4
+1 28
cfn=(138)
calls=2 2040 
* 1025
+6 4
-6 2
+6 6
666 2
2336 2
666 4
2423 4
+28 6
+2 8
2297 2
+5 2
-5 2
+5 2
+3 4
-3 2
+3 14
-3 6
666 2
2303 2
666 4
2358 2
-14 2
+14 2
+2 6
+4 4
cfi=(43) /build/glibc-Cl5G7W/glibc-2.23/elf/dl-cache.c
cfn=(142) _dl_load_cache_lookup
calls=2 185 
* 2857
+2 2
-2 2
+2 2
+4 4
+8 6
+23 20
cfn=(108)
calls=2 1717 
* 720
+4 2
-4 2
+4 6
+1 4
-89 6
+1 16
666 2
2319 2
666 4

fn=(64) _dl_init_paths
689 1
+13 2
-13 8
+13 3
cfi=(23) /build/glibc-Cl5G7W/glibc-2.23/elf/dl-hwcaps.c
cfn=(66) _dl_important_hwcaps
calls=1 39 
* 398
+5 1
-5 1
+5 1
cfi=(17)
cfn=(40)
calls=1 94 
* 29
* 1
+1 1
-2 1
+2 2
+8 1
-1 1
+1 3
-1 3
+4 4
cfi=(17)
cfn=(40)
calls=1 94 
* 29
* 1
+2 1
-2 1
+2 1
+17 2
+9 2
-19 1
+11 1
-1 1
+3 1
+1 1
-15 2
+23 1
-9 1
+9 5
-3 17
cfi=(26)
cfn=(72)
calls=4 53 
* 60
+3 27
-14 3
+2 3
+1 3
+2 6
-3 3
+4 9
+4 3
-3 3
+3 3
+1 3
-4 9
+4 3
+14 1
-11 1
+6 1
+1 1
+5 1
-12 1
+12 1
+2 4
+2 3
+38 5
+6 3
cfi=(27)
cfn=(74)
calls=1 24 
* 23
* 2
+2 3
cfi=(11)
cfn=(22)
calls=1 66 
* 16
* 8
cfi=(18)
cfn=(46)
calls=1 61 
* 31
* 1
+17 133
+5 1
cfi=(17)
cfn=(40)
calls=1 94 
* 29
* 1
+1 1
-2 1
+2 1
+6 9
cfn=(76)
calls=1 444 
* 609
+4 5
+6 1
+4 8
-70 1
-2 1
+2 2
+14 2

fn=(108)
1717 88
+39 8
-39 24
+39 30
+31 32
cfi=(24)
cfn=(110) open
calls=8 84 
* 60
+2 8
-2 8
+2 11
+10 3
+1 6
+5 24
cfi=(24)
cfn=(112) read
calls=3 84 
* 15
+2 6
+2 3
+2 3
-2 6
+2 3
+6 6
+16 12
cfi=(14) /build/glibc-Cl5G7W/glibc-2.23/string/../sysdeps/x86_64/multiarch/../memcmp.S
cfn=(30) bcmp
calls=3 24 
* 90
* 27
cfi=(14)
cfn=(30)
calls=3 24 
* 108
* 6
+74 6
+5 6
+2 12
+6 6
+11 6
+6 3
+1 3
-1 12
+1 3
-1 3
+1 6
+1 9
+20 135
+2 49
+4 12
+1 9
+12 21
+4 9
+5 2
+1 2
-13 8
cfi=(14)
cfn=(30)
calls=2 24 
* 50
* 12
cfi=(14)
cfn=(30)
calls=3 24 
* 90
* 10
+16 4
+3 14
+3 6
+1 10
-39 3
+67 29
-23 5
+23 35
1826 2
+7 8
cfi=(14)
cfn=(30)
calls=2 24 
* 48
* 4

fl=(7) /build/glibc-Cl5G7W/glibc-2.23/elf/../elf/dl-sysdep.c
fn=(12) _dl_sysdep_start
86 8
+25 1
-1 1
+1 201
+6 1
-3 1
+1 1
-4 1
+3 1
+3 4
+1 2
-1 25
+1 108
-1 106
+62 1
+1 1
-1 1
+1 1
-29 1
+1 2
+11 1
+1 1
-1 1
+1 1
-7 1
+1 1
-1 1
+1 1
-4 1
+1 2
-25 1
+1 2
-4 1
+1 2
-7 1
+1 1
+2 1
+1 1
fi=(9) /build/glibc-Cl5G7W/glibc-2.23/elf/../sysdeps/unix/sysv/linux/dl-sysdep.c
-90 2
cfi=(10) /build/glibc-Cl5G7W/glibc-2.23/elf/../sysdeps/unix/sysv/linux/x86_64/brk.c
cfn=(18) brk
calls=1 -4 
* 11
fi=(5) /build/glibc-Cl5G7W/glibc-2.23/elf/../sysdeps/x86_64/dl-machine.h
223 5
fi=(8) /build/glibc-Cl5G7W/glibc-2.23/elf/../sysdeps/x86/cpu-features.c
61 2
+3 1
-3 1
+3 9
175 3
+1 1
+3 2
+1 1
+2 2
+1 7
+7 3
+57 2
fe=(7)
-16 1
fi=(8)
+27 1
+1 1
+1 1
fe=(7)
-29 1
+1 1
cfi=(11)
cfn=(22)
calls=1 66 
* 32
* 1
+2 2
cfi=(12) /build/glibc-Cl5G7W/glibc-2.23/elf/../misc/sbrk.c
cfn=(24) sbrk
calls=1 34 
* 17
* 3
+12 3
+3 5
cfi=(2) /build/glibc-Cl5G7W/glibc-2.23/elf/rtld.c
cfn=(26) dl_main
calls=1 790 
* 109681
+1 1
+1 8
fi=(8)
-4 2
+1 4
+1 4
29 2
+4 1
-4 1
+5 1
-1 1
+2 1
-1 1
+1 1
-2 1
+1 1
+1 1
+1 1
-7 2
+3 1
+4 1
+5 1
+32 2
-32 1
+27 1
+5 1
+3 1
+1 8
+57 2
-66 2
250 2
+1 7
fe=(7)

fn=(232) _dl_sysdep_start_cleanup
256 1

fl=(89) /build/glibc-Cl5G7W/glibc-2.23/elf/dl-open.c
fn=(360) _dl_find_dso_for_object
182 5
+1 4
+1 16
+1 2
+3 2
+4 1
-9 9

fl=(15)
fn=(32)
61 56
+1 4
cfi=(11)
cfn=(22)
calls=4 +4 
* 82
+6 4
-6 8
+6 8
+7 16
cfi=(17)
cfn=(36)
calls=4 +28 
* 209
* 4
+3 4
-3 4
+3 4
+4 4
+5 8
-6 4
+6 4
-5 4
+3 8
+2 4
cfi=(18)
cfn=(46)
calls=4 -26 
* 111
+10 4
-10 4
+10 4
-8 4
+9 8
-1 12
+1 12
+3 4
-4 4
+1 4
+3 4
+9 4
-7 4
+4 4
+3 10
+2 2
-2 2
+2 30
-2 30
+12 4
+6 4
-5 4
-1 4
+6 20
+2 3
+3 3
-3 3
+3 3
-3 6
+7 9
+4 6
+2 5
+6 1
+6 1
-3 2
+3 5
-3 6
+3 6
+2 9
cfi=(11)
cfn=(22)
calls=3 -91 
* 102
+4 3
-4 12
+4 9
+64 6
+4 32
68 40
+34 11
+39 12
+70 9
cfi=(25)
cfn=(70)
calls=3 61 
* 97
* 53
+6 50
-1 50
+1 53
-1 3
+1 9
+5 6
-89 2
+32 6
cfi=(17)
cfn=(40)
calls=3 -71 
* 87
* 3
+1 3
-1 3
+1 9
+2 1
-35 2

fn=(48)
32 20
+2 8
cfi=(2)
cfn=(50) rtld_lock_default_lock_recursive
calls=4 704 
* 8
+2 4
-2 4
+2 27
+3 27
+2 3
+2 3
+4 3
+4 3
-4 6
+1 3
+4 6
-4 3
+1 3
+3 3
-3 3
+2 3
cfi=(2)
cfn=(52) rtld_lock_default_unlock_recursive
calls=3 710 
* 6
-4 1
+4 1
-4 2
+1 1
+4 2
-4 1
+1 1
+3 1
-3 1
+2 1
cfi=(2)
cfn=(52)
calls=1 710 
* 2
-5 2

fl=(17)
fn=(36)
103 10
+8 30
-4 10
+4 20
+3 10
cfn=(40)
calls=10 -20 
* 398
* 10

fn=(84) free
120 1
+2 3
+7 2

fn=(40)
94 26
+1 52
cfn=(44) __libc_memalign
calls=26 -43 
* 758
* 26

fn=(78)
354 4
+2 2
+1 4
+4 33
+7 84
-2 56
+13 1
+4 2
-7 14
-15 44

fn=(44)
52 81
+1 107
+11 78
+3 26
-3 26
+3 52
-3 3
+3 1
-3 1
+3 98
+4 12
+1 6
+6 24
cfi=(37)
cfn=(122)
calls=3 -45 
* 99
+2 15
+4 9
+3 3
+1 3
+2 15
-3 24
+1 24
+2 120
-31 2
-1 5

fl=(42)
fn=(140)
34 4
-1 4
+1 4
+1 24
+4 1
-4 12

fl=(34)
fn=(106)
288 535
+1 214
cfi=(19)
cfn=(54)
calls=107 144 
* 3456
* 107
+1 107
-1 107
+3 107
+2 214
+4 107
-4 214
+1 345
cfi=(19)
cfn=(54)
calls=115 144 
* 3896
* 230
-5 8
+11 139
-1 99
+1 396

fn=(144) _dl_sysdep_read_whole_file
45 2
+7 1
-7 3
+7 1
-7 3
+7 1
cfi=(24)
cfn=(110)
calls=1 +32 
* 5
+1 2
+2 5
cfi=(36)
cfn=(120)
calls=1 -21 
* 10
* 2
+2 1
+3 1
-3 1
+3 1
+13 2
cfi=(24)
cfn=(132)
calls=1 +11 
* 5
+3 7
-14 6
cfi=(37)
cfn=(122)
calls=1 -29 
* 33
* 2

fl=(1) ???
fn=(0) 0x0000000000000c30
0 2
cfi=(2)
cfn=(2) _dl_start
calls=1 353 
0 111003
0 14
cfi=(65) /build/glibc-Cl5G7W/glibc-2.23/elf/dl-init.c
cfn=(240) _dl_init
calls=1 80 
0 1962
0 3
cob=(6) /home/zelinsky/Documents/Summer2018/c-decision-tree/a.out
cfi=(76) ???
cfn=(292) _start
calls=1 0 
0 605108596221

fl=(24)
fn=(68) access
84 16
+2 20

fn=(112)
84 12
+1 3

fn=(110)
84 36
+1 4
+1 25

fn=(132)
84 16
+1 4

fl=(18)
fn=(46)
61 19
+2 19
+2 19
+3 17
+1 17
+2 4
+1 4
+2 4
+1 4
+5 4
+1 4
-1 13
+1 13
+2 6
+1 6
+2 6
+1 12
+5 6
+1 6
-1 11
+1 11
+2 4
+1 4
+2 4
+1 4
+5 4
+1 4
-1 13
+1 13
+2 12
+1 12
+2 12
+1 12
+5 12
+1 12
-1 5
+1 13
+5 8
+1 8
+1 8
+1 8
+2 8
+2 8
+1 8
+2 8
+8 17
+8 8
+6 8
+2 8
+1 8
+3 3
+1 9
+5 3
+1 3
+2 3
+2 3
+1 3
+2 3
-8 7
+1 7
+2 7
+2 7
+1 7
+2 13
+9 3
+1 3
-1 5
+1 5
+3 8
+1 8
+1 8
+5 6
+2 6
+1 6
+1 6
+1 6
+2 6
+1 6
+1 6
+1 6
+2 6
+1 6
+2 6
+22 8
+6 8
+1 8
+2 2

fl=(14)
fn=(30)
24 18
+1 18
+1 18
+1 18
+1 18
+1 18
+1 18
+1 18
+3 18
+1 18
+1 6
+1 6
+1 6
+1 6
+1 6
+1 6
+1 6
+2 17
+1 17
+1 5
+1 5
+1 5
+1 5
+1 5
+1 5
+1 5
+2 17
+1 17
+1 6
+1 6
+1 6
+1 6
+1 2
+1 2
+1 2
+2 13
+1 13
+1 7
+1 7
+1 7
+1 7
+5 6
+1 6
+1 6
+1 6
+1 6
+1 6
+1 6
+1 3
+1 3
+1 3
+1 3
+1 3
+7 3
+2 4
+4 11
+1 11
+1 2
+1 2
+1 2
+1 2
+1 2
+1 2
+1 2
+1 2
+1 2
+1 2
+1 2
+4 12
+1 12

fl=(25)
fn=(70)
61 21
+4 21
+3 19
+1 19
+2 8
+1 8
+2 8
+1 8
+5 8
+1 8
-1 11
+1 11
+2 12
+1 12
+2 12
+1 12
+5 12
+1 12
-1 7
+1 7
+2 6
+1 6
+2 6
+1 6
+5 6
+1 6
-1 13
+1 13
+2 9
+1 9
+2 9
+1 18
+5 9
+1 9
-1 10
+1 12
+5 2
+1 2
+1 2
+1 2
+2 2
+2 2
+1 2
+2 2
+6 19
+4 19
+12 3
+2 3
+1 3
+26 3
+1 3
+3 3
+1 3
+1 3
+5 3
+2 3
+1 3
+1 3
+1 3
+2 3
+1 3
+1 3
+1 3
+2 3
+1 3
+2 3
+22 3
+2 3
+2 2
+7 2

fl=(2)
fn=(152) version_check_doit
529 2
+2 4
cfi=(44)
cfn=(154)
calls=1 380 
* 5690
* 2
+4 2

fn=(52)
710 12

fn=(92) handle_ld_preload
757 7
+1 1
-1 1
-75 1
+86 1
-11 1
-75 6
+80 3
fi=(31) /build/glibc-Cl5G7W/glibc-2.23/elf/../string/bits/string2.h
961 1
+1 145
+1 46
-2 46
+2 46
-2 139
+2 1
-2 3
fe=(2)
766 2
+10 4
108 3
779 2
677 1
+5 5
-10 1
+4 1
+1 1
+1 1
+2 1
+2 1
cfi=(32)
cfn=(96)
calls=1 163 
* 2434
+1 3
+13 3
+84 1
-18 3
+21 9
-15 4
cfi=(18)
cfn=(46)
calls=1 61 
* 63
* 1
+1 2

fn=(98) _dl_initial_error_catch_tsd
664 14

fn=(26)
790 1
+19 1
-19 7
2390 1
790 3
+19 1
+3 1
-22 1
2385 1
812 1
+4 2
+1 2
+5 2
2383 2
+7 4
-4 1
+4 8
+2 2
cfi=(13) /build/glibc-Cl5G7W/glibc-2.23/elf/dl-environ.c
cfn=(28) _dl_next_ld_env_entry
calls=1 30 
* 72
* 4
cfi=(13)
cfn=(28)
calls=2 30 
* 347
* 9
+4 50
+1 19
-1 57
+3 4
+6 14
2553 3
+30 3
832 3
1033 7
cfi=(15)
cfn=(32)
calls=1 61 
* 250
+2 1
-2 1
+2 1
+1 1
+1 1
+5 2
-5 1
+1 2
+4 1
cfi=(15)
cfn=(48)
calls=1 32 
* 33
+1 3
799 1
1072 1
-3 1
-5 1
+1 1
+2 1
+5 7
+56 5
-55 24
-1 27
+1 47
1175 5
+3 2
+2 2
+2 3
+13 3
+1 6
cfi=(19)
cfn=(54)
calls=1 144 
* 44
* 2
+7 1
+3 1
-5 1
+3 1
+2 1
+1 2
+4 2
+2 2
fi=(3)
30 1
+9 2
+6 1
-2 1
+2 2
+15 1
+5 1
+3 1
+2 1
-3 1
-3 1
-3 14
+10 3
-26 9
+16 20
+10 20
-26 60
+26 1
-26 3
+2 48
+13 16
+2 4
+16 3
+38 3
+5 2
+7 2
+1 3
+16 3
+14 3
+18 2
fe=(2)
1218 2
cfi=(6)
cfn=(10)
calls=1 956 
* 23
+3 2
fi=(20) /build/glibc-Cl5G7W/glibc-2.23/elf/setup-vdso.h
24 2
fe=(2)
1243 1
cfi=(9)
cfn=(60) _dl_discover_osversion
calls=1 45 
* 93
* 8
-75 2
+1 2
+1 1
-6 2
+1 1
-88 3
+1 1
+50 2
-1 8
+2 4
+1 1
+3 2
+1 2
-1 2
+1 2
+1 2
+1 6
+1 2
-43 1
-2 2
+27 1
-25 2
+7 1
-10 1
+10 1
-19 3
+1 1
fi=(3)
65 4
+3 4
+2 4
fe=(2)
2480 1
+1 1
-1 2
+1 3
cfi=(14)
cfn=(30)
calls=1 24 
* 31
* 2
-55 4
cfi=(14)
cfn=(30)
calls=1 24 
* 18
* 2
+7 4
cfi=(14)
cfn=(30)
calls=1 24 
* 36
* 2
+2 3
+48 3
1248 2
cfi=(22)
cfn=(64)
calls=1 689 
* 1578
+3 3
cfi=(29)
cfn=(86)
calls=1 50 
* 17
+7 1
-7 1
+2 1
+5 1
+3 3
+1 1
+3 1
-3 3
+1 2
+3 1
+5 1
-7 1
+7 1
+1 5
+17 2
+1 2
+5 1
-3 4
+2 2
+1 3
+5 3
+1 5
+2 2
+1 2
+5 2
+5 1
805 1
1314 2
1491 1
cfi=(30)
cfn=(88) _dl_count_modids
calls=1 115 
* 4
* 1
+8 3
+3 1
+4 3
+5 1
+1 1
cfi=(29)
cfn=(90) _dl_debug_state
calls=1 74 
* 1
+1 1
+4 3
+15 3
+4 1
-2 1
+2 2
+2 3
+1 1
-1 2
+1 1
cfn=(92)
calls=1 757 
* 2994
* 1
+1 1
+2 6
+10 3
cfi=(24)
cfn=(68)
calls=1 84 
* 9
* 2
+77 1
-96 1
+96 3
+17 3
+1 1
-1 1
+1 2
-1 1
+1 5
cfi=(41)
cfn=(134)
calls=1 161 
* 13228
+1 1
+2 2
+3 1
-3 3
+3 1
-3 1
+3 3
+1 4
-1 2
+1 16
-1 8
+4 3
+1 3
+1 1
+2 2
+1 6
-1 6
+1 8
-1 6
-3 1
+16 1
+1 2
-1 1
+1 1
+2 1
+2 3
+2 1
-4 1
+5 1
-1 2
+14 2
+1 2
+1 3
+11 1
+2 1
-2 1
+2 2
-1 1
+1 1
-2 3
+2 1
cfi=(32)
cfn=(150) _dl_receive_error
calls=1 205 
* 5730
+10 1
+1 1
-1 1
+1 1
+1 1
cfn=(160) init_tls
calls=1 589 
* 676
* 1
+2 2
719 1
+2 3
fi=(145) /build/glibc-Cl5G7W/glibc-2.23/elf/../sysdeps/unix/sysv/linux/dl-osinfo.h
77 1
fe=(2)
730 1
+7 1
-5 1
1729 3
1959 3
2129 4
+2 1
+5 3
cfi=(30)
cfn=(230) _dl_allocate_tls_init
calls=1 450 
* 147
+3 2
+9 3
+2 2
+15 1
+2 1
-2 2
+3 1
-3 1
+3 1
-3 1
+3 3
cfi=(45) /build/glibc-Cl5G7W/glibc-2.23/elf/dl-reloc.c
cfn=(166) _dl_relocate_object
calls=1 149 
* 4284
+1 1
+2 6
+8 1
cfi=(7)
cfn=(232)
calls=1 256 
* 1
+4 3
+20 3
cfi=(29)
cfn=(86)
calls=1 50 
* 8
+1 1
-1 1
+2 1
cfi=(29)
cfn=(90)
calls=1 74 
* 1
+1 1
+4 1
cfi=(43)
cfn=(234) _dl_unload_cache
calls=1 322 
* 15
+5 8
2080 3
+7 1
+2 3
+19 1
-19 4
+2 1
+2 15
+5 10
+2 10
+6 5
+2 10
+1 32
cfi=(45)
cfn=(166)
calls=4 149 
* 78822
+4 17
-22 12
+25 1
+2 5
+6 1
-6 1
+6 1
-10 2
cfi=(30)
cfn=(200) _dl_add_to_slotinfo
calls=1 890 
* 20
* 1
-12 1
+1 1
-3 2
-85 1
+11 1
-7 1
-4 1
+4 3
+4 2
+3 1
1672 2
-39 5
+1 1
-1 3
+4 3
+1 1
+1 2
+1 2
1237 3

fn=(50)
704 12

fn=(2)
353 9
+18 4
fi=(5)
59 1
fe=(2)
371 1
fi=(3)
45 1
fi=(5)
+14 2
fe=(2)
397 1
fi=(3)
45 1
fe=(2)
394 1
fi=(3)
45 1
+25 2
-3 1
-7 1
+5 1
+3 1
+2 1
-3 1
-3 1
-3 2
-13 26
+23 13
-26 39
+26 1
-26 3
+2 36
+13 20
+1 16
+10 4
-26 12
+33 2
+20 4
+1 4
+1 4
+1 4
+2 4
+5 4
+1 4
+1 4
+6 3
+5 2
+7 3
+1 3
+8 3
+2 3
+3 2
+1 2
fe=(2)
408 2
302 1
415 1
302 1
cfi=(6)
cfn=(10)
calls=1 956 
* 23
+1 2
+1 2
+1 2
+1 2
+8 1
+9 1
-9 3
+9 1
-6 1
-3 1
+9 1
cfi=(7)
cfn=(12)
calls=1 86 
* 110355
* 1
+9 1
+3 4
+4 1
-4 1
+4 1
440 9
fi=(3)
62 4
+3 4
fe=(2)
413 26
fi=(4) /build/glibc-Cl5G7W/glibc-2.23/elf/do-rel.h
84 1
+27 1
-28 1
+28 2
+1 2
fi=(5)
517 2
fi=(4)
112 18
fi=(5)
517 18
+1 20
fi=(4)
111 20
fi=(5)
518 10
fi=(4)
111 10
+5 2
+8 1
fi=(5)
312 1
fi=(4)
124 2
+12 1
+1 3
fi=(5)
266 1
fi=(4)
137 1
fi=(5)
294 1
fi=(4)
137 2
fi=(5)
294 1
fi=(4)
136 5
+1 15
fi=(5)
266 5
fi=(4)
137 5
fi=(5)
294 5
fi=(4)
137 10
fi=(5)
294 5
+9 12
+3 6
-3 12
+3 18
+6 36
fi=(3)
68 4
+2 3
fi=(5)
425 12
fi=(4)
124 19
fe=(2)

fn=(102) map_doit
496 1
+2 1
-2 1
+3 8
cfi=(22)
cfn=(104)
calls=1 2189 
* 2358
* 1
+2 2

fn=(160)
589 1
+6 1
-6 1
+2 2
+4 1
+10 4
cfi=(17)
cfn=(36)
calls=1 103 
* 89
* 1
+11 1
-5 1
-7 1
+6 1
+2 1
-1 1
+5 1
+2 1
-1 1
+1 12
+2 10
+4 1
+2 1
-2 2
-5 10
+9 3
+3 1
cfi=(30)
cfn=(162) _dl_determine_tlsoffset
calls=1 138 
* 71
+7 1
cfi=(30)
cfn=(164) _dl_allocate_tls_storage
calls=1 354 
* 439
+1 1
-1 1
+1 1
+6 1
+3 1
-3 1
+3 6
+3 1
+2 1
+1 2

fl=(28)
fn=(80)
40 16
+1 4
cfi=(11)
cfn=(22)
calls=4 +25 
* 118
* 4
+1 8
cfi=(17)
cfn=(40)
calls=4 +52 
* 116
* 4
+2 8
+4 4
-1 8
+1 8
-1 8
cfi=(18)
cfn=(46)
calls=4 +14 
* 134

fl=(19)
fn=(54)
144 361
+1 361
+2 361
+1 361
+21 361
+1 361
+1 274
+1 274
+1 267
+1 267
+1 267
+1 267
+21 267
+1 267
+1 267
+1 267
+1 267
+1 267
+1 267
+5 7
+1 7
+9 7
+1 7
+1 7
+1 7
+1 7
+1 7
+1 7
+1 7
-7 94
+1 94
+1 94
+1 94
+1 94
+1 94
+1 94
+1 94
+1 98
+1 68
+1 68
+1 68
+2 68
+1 68
+1 68
+1 68
+1 68
+1 68
-5 30
+1 30
+1 30
+1 30
+1 30
+1 30
+10 3
+1 3
+1 3
+2 3
+6 3
+1 3
+1 3
+1 3
+1 3
+5 3
+2 1
+1 1
+1 2
+8 1
+1 1
+3 1
+1 1
+1 1
+1 1
+1 1
+1 1
1071 1
+1 1
+1 1
+1 1
+1 1
+2 1
+1 1
+1 1
+1 1
+1 1
+1 1
+1 1
1196 5
+1 5
+1 5
+1 5
+1 5
+2 5
+1 5
+1 5
+1 5
+1 5
+1 5
+1 5
+1 1
+4 1
+1 1
+1 1
+6 1
+1 1
+1 2
+4 1
+1 1
+3 1
+1 1
+1 1
+3 1
+1 1
+1 1
+6 1
+1 1
+1 1
+1 1
+1 1
+1 1
+72 27
+1 27
+1 27
+1 27
+1 27
+2 27
+1 27
+1 27
+1 27
+1 27
+1 27
+1 27
1446 11
+1 11
+1 11
+1 11
+1 11
+2 11
+1 11
+1 11
+1 11
+1 11
+1 11
+1 11
+1 1
+4 1
+1 1
+1 1
+6 1
+1 1
+1 2
+4 1
+1 1
+3 1
+1 1
+1 1
+3 1
+1 1
+1 1
+6 1
+1 1
+1 1
+1 1
+1 1
+1 1
+72 2
+1 2
+1 2
+1 2
+1 2
+2 2
+1 2
+1 2
+1 2
+1 2
+1 2
+1 2
+1 1
+4 1
+1 1
+1 1
+6 1
+1 1
+1 2
+4 1
+1 1
+3 1
+1 1
+1 1
+3 1
+1 1
+1 1
+6 1
+1 1
+1 1
+1 1
+1 1
+1 1
+72 15
+1 15
+1 15
+1 15
+1 15
+2 15
+1 15
+1 15
+1 15
+1 15
+1 15
+1 15
1821 5
+1 5
+1 5
+1 5
+1 5
+2 5
+1 5
+1 5
+1 5
+1 5
+1 5
+1 5
+1 3
+4 3
+1 3
+1 3
+6 3
+1 3
+1 6
+4 3
+1 3
+3 3
+1 3
+1 3
+3 3
+1 3
+1 3
+6 3
+1 3
+1 3
+1 3
+1 3
+1 3
+72 4
+1 4
+1 4
+1 4
+1 4
+2 4
+1 4
+1 4
+1 4
+1 4
+1 4
+1 4
+1 3
+4 3
+1 3
+1 3
+6 3
+1 3
+1 6
+4 3
+1 3
+3 3
+1 3
+1 3
+3 3
+1 3
+1 3
+6 3
+1 3
+1 3
+1 3
+1 3
+1 3
+72 28
+1 28
+1 28
+1 28
+1 28
+2 28
+1 28
+1 28
+1 28
+1 28
+1 28
+1 28
2200 10
+2 10
+1 10
+1 10
+1 10
-3 91
+1 91
+1 91
+1 91
+1 204
+5 68
+6 68
+1 68
+8 68
+1 68
-16 293
+6 293
+1 293
+8 293
+1 293

fl=(29)
fn=(90)
74 2

fn=(86)
50 10
+5 8
+5 2
-1 1
+1 2
+1 2
-1 1
+4 1
-13 5
+4 10
+4 1
-1 1
-58 5

fl=(26)
fn=(72)
53 16
+1 16
+1 16
+1 16
+1 16
+2 16
+1 16
+1 14
+1 14
+15 2
+1 2
+1 2
+1 2
+1 2
+1 2
+1 2
+1 2
+1 2
+1 2
+1 2
+1 2
+1 2
+1 4
+3 2
+1 2
+1 2
+1 2
+1 2
+1 2
+1 2
-6 34
+1 34
+1 34
+1 34
+1 34
+1 34
+1 34
+1 2
+3 14
+1 14
+1 14
+1 6
+1 6
+1 2
+1 2
+3 2
+1 2
+1 2
+1 2
+2 4
+1 4
+1 4
+2 8
+1 8
+1 8

fl=(45)
fn=(166)
149 50
+15 5
-15 10
+15 5
+1 30
+6 10
+6 15
-18 10
+22 10
+7 5
-32 5
+32 5
+44 5
fi=(5)
76 15
fe=(45)
232 10
fi=(5)
76 15
+6 8
+4 12
+14 4
-8 4
+10 4
-2 8
+20 8
+9 3
fe=(45)
258 206
-98 24
fi=(5)
301 32
fe=(45)
-43 4
fi=(4)
58 4
-10 4
-1 8
+11 4
-11 4
+11 4
fe=(45)
258 1
-98 6
fi=(5)
301 8
fe=(45)
-43 1
fi=(4)
58 1
-10 1
-1 2
+11 1
-11 1
+11 1
fe=(45)
258 5
fi=(4)
58 5
-10 5
-1 10
+11 5
-11 5
+11 5
+3 20
fi=(5)
528 62
+4 62
+2 93
+1 31
fi=(4)
61 153
+2 212
+2 70
-4 6
+13 8
+1 10
+1 44
fi=(5)
528 22
+26 22
fi=(4)
75 22
fi=(5)
554 44
cob=(4) /lib/x86_64-linux-gnu/libm-2.23.so
cfi=(60) ???
cfn=(228) sin
calls=1 0 
* 8
cob=(4)
cfi=(60)
cfn=(226) __atan2_finite
calls=1 0 
* 8
cob=(4)
cfi=(62) /build/glibc-Cl5G7W/glibc-2.23/math/../sysdeps/x86_64/fpu/multiarch/e_asin.c
cfn=(224) __asin_finite
calls=1 16 
* 5
cob=(4)
cfi=(64) /build/glibc-Cl5G7W/glibc-2.23/math/../sysdeps/x86_64/fpu/multiarch/s_floor.S
cfn=(222) floor
calls=1 25 
* 5
cob=(4)
cfi=(63) /build/glibc-Cl5G7W/glibc-2.23/math/../sysdeps/x86_64/fpu/multiarch/s_floorf.S
cfn=(220) floorf
calls=1 25 
* 5
cob=(4)
cfi=(62)
cfn=(218) __acos_finite
calls=1 10 
* 5
cob=(4)
cfi=(61) /build/glibc-Cl5G7W/glibc-2.23/math/../sysdeps/x86_64/fpu/multiarch/s_rintf.S
cfn=(216) rintf
calls=1 25 
* 5
cob=(4)
cfi=(60)
cfn=(214) __log_finite
calls=1 0 
* 8
cob=(4)
cfi=(59) /build/glibc-Cl5G7W/glibc-2.23/math/../sysdeps/x86_64/fpu/multiarch/e_pow.c
cfn=(212) __pow_finite
calls=1 8 
* 5
cob=(4)
cfi=(58) /build/glibc-Cl5G7W/glibc-2.23/math/../sysdeps/x86_64/fpu/multiarch/s_ceil.S
cfn=(210) ceil
calls=1 25 
* 5
cob=(4)
cfi=(57) /build/glibc-Cl5G7W/glibc-2.23/math/../sysdeps/x86_64/fpu/multiarch/s_ceilf.S
cfn=(208) ceilf
calls=1 25 
* 5
cob=(4)
cfi=(56) /build/glibc-Cl5G7W/glibc-2.23/math/../sysdeps/x86_64/fpu/multiarch/s_rint.S
cfn=(206) rint
calls=1 25 
* 5
cob=(4)
cfi=(55) /build/glibc-Cl5G7W/glibc-2.23/math/../sysdeps/x86_64/fpu/multiarch/s_sin.c
cfn=(204) cos
calls=1 12 
* 8
cob=(4)
cfi=(54) /build/glibc-Cl5G7W/glibc-2.23/math/../sysdeps/x86_64/fpu/multiarch/e_exp.c
cfn=(202) __exp_finite
calls=1 9 
* 8
cob=(3) /lib/x86_64-linux-gnu/libc-2.23.so
cfi=(53) ???
cfn=(198) memcpy@GLIBC_2.2.5
calls=1 0 
* 18
cob=(3)
cfi=(52) /build/glibc-Cl5G7W/glibc-2.23/time/../sysdeps/unix/sysv/linux/x86/gettimeofday.c
cfn=(194) gettimeofday
calls=1 37 
* 66
cob=(3)
cfi=(51) /build/glibc-Cl5G7W/glibc-2.23/string/../sysdeps/x86_64/multiarch/strspn.S
cfn=(192) strspn
calls=1 30 
* 6
cob=(3)
cfi=(50) /build/glibc-Cl5G7W/glibc-2.23/string/../sysdeps/x86_64/multiarch/strcspn.S
cfn=(190) strpbrk
calls=1 45 
* 6
cob=(3)
cfi=(46) /build/glibc-Cl5G7W/glibc-2.23/string/../sysdeps/x86_64/multiarch/strcmp.S
cfn=(188) strncasecmp
calls=1 129 
* 10
cob=(3)
cfi=(50)
cfn=(186) strcspn
calls=1 45 
* 6
cob=(3)
cfi=(47) /build/glibc-Cl5G7W/glibc-2.23/time/../sysdeps/unix/sysv/linux/x86/time.c
cfn=(180) time
calls=1 38 
* 66
cob=(3)
cfi=(46)
cfn=(178) strcasecmp
calls=1 109 
* 10
fi=(4)
75 22
fi=(5)
555 22
fi=(4)
75 28
fe=(45)
258 4
fi=(4)
75 16
fe=(45)
258 16
+3 20
+24 5
+3 10
+17 15
+2 40
fi=(4)
84 6
-1 6
+3 12
-3 6
+3 6
+12 18
+10 8
+3 11
fi=(5)
512 3
fi=(4)
112 6
fi=(5)
512 1198
fi=(4)
112 2384
fi=(5)
512 2384
+5 2390
+1 2390
fi=(4)
111 2390
fi=(5)
518 1195
fi=(4)
111 1195
+7 18
+6 5
-3 10
+3 13
fi=(5)
447 12
fi=(4)
127 412
+9 206
+3 103
-3 103
+3 103
fi=(5)
269 103
fi=(4)
138 103
-2 103
+1 412
fi=(5)
269 103
+21 206
+4 206
+7 2008
fi=(4)
137 86
fi=(5)
301 172
fi=(4)
137 86
fi=(5)
301 86
fi=(4)
137 86
fi=(5)
301 1376
cfi=(6)
cfn=(172) _dl_lookup_symbol_x
calls=86 806 
* 53123
* 688
+2 267
+3 97
-3 194
+3 291
+6 618
fe=(45)
178 10
fi=(5)
435 264
fi=(4)
124 317
+19 8
fi=(5)
301 54
fi=(4)
108 3
fi=(5)
407 45
+4 75
+14 75
fe=(45)
313 25
+3 5
-3 10
+3 5
+4 10
+1 20
cfi=(39)
cfn=(126)
calls=5 84 
* 25
* 15
fi=(5)
123 20
+6 16
fe=(45)
258 3
fi=(4)
129 10
fi=(5)
301 87
fi=(4)
160 7
+2 20
+8 10
+1 5
-1 5
+1 5
fi=(5)
+98 5
fi=(4)
-99 15
fi=(5)
+99 5
+21 10
+4 10
+7 180
cfi=(6)
cfn=(172)
calls=5 806 
* 2629
* 35
+2 15
+3 1
-3 2
+3 3
+6 30
435 15
fi=(4)
160 17
+14 2
fi=(5)
301 6
fe=(45)

fl=(39)
fn=(126)
84 32
+1 8

fn=(236) munmap
84 4
+1 1

fl=(77) /build/glibc-Cl5G7W/glibc-2.23/elf/../sysdeps/x86_64/dl-trampoline.h
fn=(300) _dl_runtime_resolve_sse
64 1
+3 1
+2 1
+2 1
+3 1
+1 1
+1 1
+1 1
+1 1
+1 1
+1 1
+1 1
+1 1
+1 1
+1 1
+1 1
+1 1
+1 1
+1 1
+5 1
+1 1
+1 1
+1 1
+14 1
+1 1
+1 1
cfi=(78) /build/glibc-Cl5G7W/glibc-2.23/elf/../elf/dl-runtime.c
cfn=(302) _dl_fixup
calls=1 -46 
* 1031
+1 1
+5 1
+1 1
+1 1
+1 1
+13 1
+1 1
+1 1
+1 1
+1 1
+1 1
+1 1
+1 1
+1 1
+1 1
+1 1
+1 1
+1 1
+1 1
+1 1
+2 1
+2 1
+4 1
+3 1
cob=(3)
cfi=(79) /build/glibc-Cl5G7W/glibc-2.23/csu/../csu/libc-start.c
cfn=(306) (below main)
calls=1 -25 
* 605108595124

fn=(301) _dl_runtime_resolve_sse'2
64 13
+3 13
+2 13
+2 13
+3 13
+1 13
+1 13
+1 13
+1 13
+1 13
+1 13
+1 13
+1 13
+1 13
+1 13
+1 13
+1 13
+1 13
+1 13
+5 13
+1 13
+1 13
+1 13
+14 13
+1 13
+1 13
cfi=(78)
cfn=(302)
calls=13 -46 
* 12147
+1 13
+5 13
+1 13
+1 13
+1 13
+13 13
+1 13
+1 13
+1 13
+1 13
+1 13
+1 13
+1 13
+1 13
+1 13
+1 13
+1 13
+1 13
+1 13
+1 13
+2 13
+2 13
+4 13
+3 13
cob=(4)
cfi=(136) /build/glibc-Cl5G7W/glibc-2.23/math/w_log2.c
cfn=(626) log2
calls=1 28 
* 73
cob=(3)
cfi=(135) /build/glibc-Cl5G7W/glibc-2.23/libio/putchar.c
cfn=(604) putchar
calls=1 25 
* 180
cob=(3)
cfi=(121) /build/glibc-Cl5G7W/glibc-2.23/stdio-common/printf.c
cfn=(564) printf
calls=1 28 
* 547
cob=(3)
cfi=(120) /build/glibc-Cl5G7W/glibc-2.23/libio/ioputs.c
cfn=(540) puts
calls=1 33 
* 1096550
cob=(3)
cfi=(85) /build/glibc-Cl5G7W/glibc-2.23/malloc/malloc.c
cfn=(510) free
calls=1 2934 
* 100
cob=(3)
cfi=(117) /build/glibc-Cl5G7W/glibc-2.23/libio/iofclose.c
cfn=(496) fclose@@GLIBC_2.2.5
calls=1 39 
* 812
cob=(3)
cfi=(106) /build/glibc-Cl5G7W/glibc-2.23/stdio-common/isoc99_fscanf.c
cfn=(460) __isoc99_fscanf
calls=1 26 
* 1464
cob=(3)
cfi=(85)
cfn=(448) calloc
calls=1 3172 
* 241
cob=(3)
cfi=(104) /build/glibc-Cl5G7W/glibc-2.23/libio/fmemopen.c
cfn=(442) fmemopen@@GLIBC_2.22
calls=1 -8 
* 1360
cob=(3)
cfi=(97) /build/glibc-Cl5G7W/glibc-2.23/libio/iofgets.c
cfn=(402) fgets
calls=1 37 
* 569
cob=(3)
cfi=(85)
cfn=(344) malloc
calls=1 2902 
* 195
cfi=(89)
cfn=(360)
calls=1 +23 
* 39
cob=(3)
cfi=(84) /build/glibc-Cl5G7W/glibc-2.23/libio/iofopen.c
cfn=(338) fopen@@GLIBC_2.2.5
calls=1 -62 
* 59658

fl=(23)
fn=(66)
39 6
+3 1
-3 2
+3 1
-1 1
+1 1
+9 1
-12 4
+12 2
+10 4
162 2
-47 3
cfi=(24)
cfn=(68)
calls=1 -31 
* 9
* 2
+55 3
+2 2
+1 5
+4 2
+4 1
-4 1
+1 1
+3 1
+3 1
+1 1
-1 1
+4 3
+1 1
-1 9
+1 1
+18 10
+1 2
-1 1
+1 3
cfi=(17)
cfn=(40)
calls=1 94 
* 29
* 1
+1 1
-1 1
+1 5
+29 1
+3 1
-3 2
+3 1
+23 7
+6 2
-1 2
+1 6
-1 8
+5 6
+3 1
-3 1
+3 1
-3 3
+3 1
-3 1
+3 5
+1 12
+1 4
-1 4
+1 8
-2 4
+1 8
-1 14
+4 4
+4 1
-1 1
+2 1
-2 1
+1 1
+1 1
-2 1
+2 10
+13 2
+1 1
-1 1
+3 2
-3 2
+1 1
-1 1
+3 2
+3 4
+3 1
-1 1
+1 9
113 1
+17 1
+1 1
-1 9
243 6
cfi=(25)
cfn=(70)
calls=1 61 
* 22
* 4
cfi=(25)
cfn=(70)
calls=1 61 
* 18
+1 4
cfi=(25)
cfn=(70)
calls=1 61 
* 22
* 4
cfi=(25)
cfn=(70)
calls=1 61 
* 18
* 12

fl=(9)
fn=(60)
45 7
+2 3
+85 8
-45 3
cfi=(21) /build/glibc-Cl5G7W/glibc-2.23/posix/../sysdeps/unix/syscall-template.S
cfn=(62) uname
calls=1 -3 
* 5
* 1
+15 1
-15 1
+20 1
-1 1
+3 12
+4 3
-2 6
+2 10
+2 1
+1 2
-3 4
+7 3
-1 3
+4 3
-2 3
+2 10
+5 2

fl=(21)
fn=(62)
84 4
+1 1

fl=(12)
fn=(24)
34 4
+8 6
+4 2
+16 5

fl=(13)
fn=(28)
30 3
+3 10
+13 62
-13 186
+2 128
+1 20
+5 2
-3 2
+3 2
+2 2
-12 1
+19 1

fl=(27)
fn=(74)
24 11
+1 11
+1 11
+1 11
+1 11
+1 11
+1 11
+1 11
+1 11
+1 11
+1 11
+1 11
+1 11
+1 11
+1 11
+1 11
+1 11
+1 8
+4 8
+1 8
+1 8
+1 8
+2 8
+4 3
+1 3
+1 3
+1 3
+1 3
+1 3
+1 3
+1 3
+1 3
+1 3
+1 3
+1 3
+1 3
+1 3
+1 3
+1 3
+1 3
+1 3
+1 3
+1 3
+1 3
+1 3
+1 3
+1 3
+52 3
+4 3
+1 3
+1 3
+1 3
+2 3

fl=(37)
fn=(122)
33 11
-1 110
+1 27
+1 110
+2 77
-3 26

fl=(141) /build/glibc-Cl5G7W/glibc-2.23/elf/dl-fini.c
fn=(654) _dl_fini
130 8
+17 1
+3 15
+3 2
cfi=(2)
cfn=(50)
calls=1 704 
* 2
+2 1
+3 2
+2 6
+8 1
-3 1
+3 8
+7 10
+2 10
+2 5
+1 5
+5 5
-6 5
-6 5
+8 5
-8 11
+14 9
+1 2
+4 1
31 1
+2 1
192 1
33 1
+6 1
-1 1
+2 1
-2 2
+1 8
+1 1
cfi=(26)
cfn=(72)
calls=1 +13 
* 15
* 1
+77 20
+3 24
cfi=(26)
cfn=(72)
calls=3 -67 
* 54
* 8
-76 12
+1 12
+4 16
+6 8
+1 8
+2 30
+1 15
+2 30
+1 21
201 3
cfi=(2)
cfn=(52)
calls=1 710 
* 2
+5 3
81 4
208 1
+2 3
-2 4
+2 12
+3 10
+3 15
+4 6
+9 3
+3 3
-3 3
+3 6
+2 12
+1 6
cob=(4)
cfi=(60)
cfn=(690) 0x0000000000005690
calls=1 0 
* 78
cob=(5) /usr/lib/valgrind/vgpreload_core-amd64-linux.so
cfi=(66) ???
cfn=(668) 0x0000000000000610
calls=1 0 
* 78
cob=(6)
cfi=(76)
cfn=(656) 0x0000000000400970
calls=1 0 
* 16
-1 12
+5 6
+1 9
cob=(2)
cfi=(16)
cfn=(706) 0x0000000004ca0d0c
calls=1 0 
* 3
cob=(2)
cfi=(16)
cfn=(688) 0x0000000004a287b8
calls=1 0 
* 3
cob=(2)
cfi=(16)
cfn=(666) 0x0000000000402874
calls=1 0 
* 3
+6 30
+16 10
-56 13
+11 6
92 18
+21 6
-57 15
268 4
+2 1
-2 2
+6 2
+7 8

fl=(32)
fn=(150)
205 10
+1 1
cfi=(2)
cfn=(98)
calls=1 664 
* 2
+5 1
-1 1
-4 1
+9 1
+2 1
-3 1
+3 1
cfi=(2)
cfn=(152)
calls=1 529 
* 5700
+2 1
+1 1
+1 8

fn=(96)
163 12
+15 6
-3 12
+1 12
-13 12
+14 12
+1 6
+2 6
cfi=(2)
cfn=(98)
calls=6 664 
* 12
+2 6
-1 6
+4 6
-3 12
+3 6
-4 6
+4 6
cfi=(33) /build/glibc-Cl5G7W/glibc-2.23/setjmp/../sysdeps/x86_64/setjmp.S
cfn=(100) __sigsetjmp
calls=6 26 
* 120
* 18
+2 18
cfi=(41)
cfn=(136)
calls=5 60 
* 10785
cfi=(2)
cfn=(102)
calls=1 496 
* 2372
+1 12
+2 6
+1 6
-3 6
+1 12
+1 6
+9 6
-8 6
+8 18

fl=(10)
fn=(18)
31 7
+8 1
-6 2
+7 1

fl=(33)
fn=(100)
26 6
+9 6
+1 12
+1 6
+4 6
+1 6
+1 6
+1 6
+1 6
+2 12
+2 6
+1 6
+1 6
+2 12
+2 6
+4 6
+1 6

fl=(65)
fn=(240)
80 11
+1 1
+1 1
+3 3
+8 2
+1 2
+25 18
+1 15
-90 26
cfn=(242) call_init.part.0
calls=4 -2 
* 1789
* 4
+96 8
-96 2
+58 2
+16 1
cfn=(242)
calls=1 -76 
* 76
* 1

fn=(242)
28 25
+8 5
+3 5
-3 10
+3 15
+5 28
+5 6
+9 18
cob=(2)
cfi=(16)
cfn=(278) 0x0000000004c2f428
calls=1 -58 
* 6
cob=(3)
cfi=(67) /build/glibc-Cl5G7W/glibc-2.23/csu/../csu/init-first.c
cfn=(256) _init
calls=1 -6 
* 176
cob=(2)
cfi=(16)
cfn=(244) 0x0000000004a28530
calls=1 -58 
* 6
* 3
+4 6
+6 3
+2 6
-2 6
+3 15
+1 12
cob=(4)
cfi=(60)
cfn=(282) 0x00000000000056d0
calls=1 -72 
* 17
cob=(3)
cfi=(73) /build/glibc-Cl5G7W/glibc-2.23/string/../sysdeps/x86_64/cacheinfo.c
cfn=(268) init_cacheinfo
calls=1 482 
* 1424
cob=(5)
cfi=(66)
cfn=(248) 0x0000000000000650
calls=1 -72 
* 17
* 4
cob=(3)
cfi=(75) /build/glibc-Cl5G7W/glibc-2.23/elf/dl-altinit.c
cfn=(276) dlinit_alt
calls=1 -39 
* 4
* 4
-1 8
+3 30
-29 3
-5 3

fl=(30)
fn=(88)
115 2
+1 2

fn=(148)
49 1
+3 4
+48 1
+4 2

fn=(200)
890 3
+9 1
-9 1
+6 2
+8 5
+41 1
+1 3
+1 4

fn=(230)
450 2
-1 7
+5 1
+6 3
-6 1
+6 1
-4 1
+16 1
-15 3
+20 6
+6 16
+3 1
+1 2
+6 3
+3 1
-2 2
+2 4
+1 1
+3 1
-1 3
+4 2
+1 4
+2 2
+9 6
cfi=(25)
cfn=(70)
calls=1 61 
* 23
* 4
cfi=(26)
cfn=(72)
calls=1 53 
* 30
* 2
-38 3
+52 2
+2 1
+1 8

fn=(164)
354 3
+2 1
+11 3
cfi=(17)
cfn=(44)
calls=1 52 
* 76
* 1
+1 2
+7 2
+4 1
-57 1
+57 296
-58 2
+1 2
cfi=(17)
cfn=(36)
calls=1 103 
* 38
* 1
+1 2
+3 1
+6 2
+64 5

fn=(162)
138 7
+6 3
+3 2
+36 3
+2 10
+3 1
-1 1
+5 2
-5 3
+3 3
+2 5
+16 3
+2 2
-2 2
+2 2
+10 1
-37 2
+25 1
-25 4
+40 4
+1 1
+51 1
+1 8

fl=(6)
fn=(176) check_match
92 768
+3 672
+12 576
+3 496
cfi=(19)
cfn=(54)
calls=28 +34 
* 1007
* 56
+5 96
-1 96
+1 96
+2 190
+19 190
+1 760
+2 5
+44 95
-7 95
+7 475
-18 2
+2 1
+1 4
-1 5
+16 1
-7 1
+7 5
-45 282
cfi=(19)
cfn=(54)
calls=94 +6 
* 2324
* 282

fn=(174) do_lookup_x
355 735
+1 105
-1 525
+48 105
-30 105
-11 105
+41 105
+7 210
-7 210
-30 420
+37 420
-44 210
+3 210
-3 656
+3 656
+4 866
+4 866
+4 866
+6 1299
+8 433
-4 433
+1 433
+3 866
+1 1299
+3 433
+1 866
+2 866
+8 433
-8 433
+8 4330
-99 338
553 2386
+1 136
cfi=(34)
cfn=(106)
calls=68 288 
* 6060
* 204
+3 1014
+3 10
+1 840
-92 190
+50 696
+4 48
+12 190
+1 95
+1 190
413 618
+2 206
+2 1300
+13 309
-10 990
+2 192
+1 480
-1 96
+1 672
-1 96
+1 288
cfn=(176)
calls=96 92 
* 8580
+4 290
+34 10
+94 35
439 855

fn=(172)
806 1155
568 105
806 420
568 525
+1 105
-1 105
+1 315
-1 315
+1 1279
-1 1279
+1 3837
-1 4047
808 105
+4 105
+4 105
-8 105
+1 210
+7 293
+7 105
-2 105
+2 105
-2 105
+6 105
-7 105
+7 210
-7 630
+15 10
-8 50
+2 1470
cfn=(174)
calls=105 355 
* 46913
+3 315
+26 210
+22 95
+1 665
+31 95
+9 475
+14 285
+3 380
+5 95
+2 840
-85 70
+16 10
+1 20
+59 2

fn=(10)
956 15
+4 5
+4 10
+2 5
-1 5
+3 15
+1 5
+1 5
+3 5
-3 5
+7 5
-4 5
-1 5
+3 5
+2 5
-7 5
+7 5
+1 5

fl=(78)
fn=(302)
66 28
+5 28
-5 14
+3 28
+3 14
-1 28
-3 14
+5 84
+1 14
-1 14
+1 28
+5 28
+4 28
+4 42
+4 14
+1 70
+2 56
+7 28
-1 14
+1 14
+10 126
cfi=(6)
cfn=(172)
calls=14 806 
* 12128
* 14
+4 70
+10 84
+16 14
-8 14
+8 42
+4 42
fi=(5)
+90 14
fe=(78)
-86 42

fl=(43)
fn=(142)
185 18
+8 4
+3 6
+45 4
+6 4
+9 2
+6 4
-6 8
+6 2
cfi=(24)
cfn=(68)
calls=2 84 
* 18
+19 2
-19 2
+19 312
cfn=(146) _dl_cache_libcmp
calls=20 138 
* 1426
* 102
-15 8
+15 28
cfn=(146)
calls=2 138 
* 142
* 14
-82 4
cfi=(34)
cfn=(144)
calls=1 45 
* 94
+8 1
-8 1
+8 4
+1 4
cfi=(14)
cfn=(30)
calls=1 24 
* 38
* 2
+7 1
-3 1
+3 3
+3 1
+1 2
-1 1
+1 1
+1 4
cfi=(14)
cfn=(30)
calls=1 24 
* 32
* 2
+61 42
+16 4
+4 4
+8 6
cfi=(11)
cfn=(22)
calls=2 66 
* 68
* 4
+1 2
-1 8
+1 4
cfi=(18)
cfn=(46)
calls=2 61 
* 157
+1 4
cfi=(28)
cfn=(80)
calls=2 40 
* 218
+1 16
-31 18

fn=(146)
138 66
+1 48
+2 216
+2 108
-2 108
+2 4
+6 2
+2 2
-1 2
-1 2
+1 2
+1 8
+2 10
+2 4
+6 212
+2 384
+4 86
+1 86
-29 172
+32 6
-7 40

fn=(234)
322 4
-1 1
+3 2
cfi=(39)
cfn=(236)
calls=1 84 
* 5
+1 1
+2 2

ob=(5)
fl=(66)
fn=(668)
0 8
cob=(2)
cfi=(16)
cfn=(674) 0x0000000004a28570
calls=1 0 
0 57
0 1
cfn=(682) 0x0000000000000580
calls=1 0 
0 9
0 3

fn=(682)
0 9

fn=(248)
0 17

ob=(6)
fl=(76)
fn=(520) push
0 225099
cob=(3)
cfi=(85)
cfn=(344)
calls=25011 2902 
0 4878141
0 25011
0 350154

fn=(534) printNames
0 8
cob=(1)
cfi=(77)
cfn=(301)
calls=1 64 
0 1097525
0 5
0 52
cob=(3)
cfi=(121)
cfn=(564)
calls=9 28 
0 5022
cob=(1)
cfi=(77)
cfn=(301)
calls=1 64 
0 1564
0 14
0 56
cob=(3)
cfi=(120)
cfn=(540)
calls=1 33 
0 429
0 1
0 2
cob=(3)
cfi=(120)
cfn=(540)
calls=1 33 
0 326
0 1
0 52
cob=(3)
cfi=(121)
cfn=(564)
calls=10 28 
0 5569
0 10
0 56
cob=(3)
cfi=(120)
cfn=(540)
calls=1 33 
0 429
0 1
0 2
cob=(3)
cfi=(120)
cfn=(540)
calls=1 33 
0 335
0 1
0 9
cfn=(574) printInstances
calls=1 0 
0 508604372
0 3

fn=(574)
0 250118
cfn=(576) printInstance
calls=25011 0 
0 503676219
0 50022
cob=(3)
cfi=(135)
cfn=(604)
calls=25010 25 
0 4501800
cob=(1)
cfi=(77)
cfn=(301)
calls=1 64 
0 1148
0 25015
0 100050

fn=(610) learn
0 16
cob=(3)
cfi=(85)
cfn=(344)
calls=1 2902 
0 390240
0 1
0 6
cfn=(612) sameClass
calls=1 0 
0 96
0 8
cfn=(614) noisyData
calls=1 0 
0 590
0 17
cfn=(616) findBestFeatureAndSplit
calls=1 0 
0 216891701617
0 25
cfn=(630) split
calls=1 0 
0 1373249
0 7
cfn=(611) learn'2
calls=1 0 
0 33211379544
0 6
cob=(3)
cfi=(85)
cfn=(510)
calls=1 2934 
0 695
0 1
0 6
cfn=(611)
calls=1 0 
0 354036126877
0 6
cob=(3)
cfi=(85)
cfn=(510)
calls=1 2934 
0 56
0 1
0 6

fn=(611)
0 281344
cob=(3)
cfi=(85)
cfn=(344)
calls=17584 2902 
0 3522628
0 17584
0 105504
cfn=(612)
calls=17584 0 
0 1026015
0 158258
cfn=(614)
calls=8791 0 
0 2983394
0 149447
cfn=(616)
calls=8791 0 
0 387215791343
0 219775
cfn=(630)
calls=8791 0 
0 21058700
0 61537
cfn=(611)
calls=8791 0 
0 84282432117
0 52746
cob=(3)
cfi=(85)
cfn=(510)
calls=8791 2934 
0 924513
0 8791
0 52746
cfn=(611)
calls=8791 0 
0 617416077984
0 52746
cob=(3)
cfi=(85)
cfn=(510)
calls=8791 2934 
0 925055
0 8791
0 105504

fn=(630)
0 10038349
cob=(3)
cfi=(85)
cfn=(344)
calls=8792 2902 
0 1579834
0 8792
0 52752
cob=(3)
cfi=(85)
cfn=(344)
calls=8792 2902 
0 1333229
0 8792
0 9410201

fn=(634) printTree
0 15
cfn=(636) printNode
calls=1 0 
0 2473
0 12
cfn=(635) printTree'2
calls=1 0 
0 19071335
0 7
cfn=(635)
calls=1 0 
0 73026711
0 3

fn=(635)
0 969246
cob=(3)
cfi=(121)
cfn=(564)
calls=270330 28 
0 59202270
0 270330
0 1186824
cfn=(636)
calls=17584 0 
0 30205630
0 149457
cfn=(635)
calls=8791 0 
0 511925301
0 61537
cfn=(635)
calls=8791 0 
0 854148778
0 52752

fn=(640) classify
0 8515599

fn=(618) calcEntropy
0 160213240
cfn=(620) info
calls=3907640 0 
0 603679971306
0 128952120

fn=(292)
0 11
cob=(1)
cfi=(77)
cfn=(300)
calls=1 64 
0 605108596205
0 5

fn=(608) makeTree
0 6
cob=(3)
cfi=(85)
cfn=(344)
calls=1 2902 
0 113
0 1
0 11
cfn=(610)
calls=1 0 
0 604140973070
0 6

fn=(616)
0 78522064
cfn=(618)
calls=3907640 0 
0 603969136666
0 59834230

fn=(636)
0 281355
cob=(3)
cfi=(121)
cfn=(564)
calls=8792 28 
0 22774306
0 8792
0 61550
cob=(3)
cfi=(121)
cfn=(564)
calls=8793 28 
0 7020552
0 8793
0 52755

fn=(332) main
0 17
cob=(1)
cfi=(77)
cfn=(301)
calls=1 64 
0 60619
0 5
0 10
cob=(1)
cfi=(77)
cfn=(301)
calls=1 64 
0 1163
0 5
0 125069
cob=(3)
cfi=(104)
cfn=(442)
calls=25011 151 
0 19658567
cob=(1)
cfi=(77)
cfn=(301)
calls=1 64 
0 2508
0 25016
0 3101268
cob=(3)
cfi=(106)
cfn=(460)
calls=275112 26 
0 239971525
0 275112
0 150072
cob=(3)
cfi=(106)
cfn=(460)
calls=25011 26 
0 37590969
cob=(1)
cfi=(77)
cfn=(301)
calls=1 64 
0 2571
0 25016
0 700310
cob=(3)
cfi=(85)
cfn=(344)
calls=25011 2902 
0 6853765
0 25011
0 175077
cob=(3)
cfi=(85)
cfn=(344)
calls=25011 2902 
0 4880133
0 25011
0 4526991
cfn=(520)
calls=25011 0 
0 5478405
0 225099
cob=(3)
cfi=(117)
cfn=(496)
calls=25011 39 
0 16757370
0 25011
0 4
cob=(1)
cfi=(77)
cfn=(301)
calls=1 64 
0 1796
0 5
0 125065
cob=(3)
cfi=(97)
cfn=(402)
calls=25012 37 
0 4826805
cob=(1)
cfi=(77)
cfn=(301)
calls=1 64 
0 1528
0 25017
0 50029
cob=(3)
cfi=(117)
cfn=(496)
calls=1 39 
0 539
0 1
0 6
cob=(3)
cfi=(85)
cfn=(344)
calls=1 2902 
0 562
0 1
0 375177
cfn=(528) freeList
calls=1 0 
0 2777209
0 3
cfn=(534)
calls=1 0 
0 509715844
0 3
cfn=(608)
calls=1 0 
0 604140973207
0 3
cob=(3)
cfi=(120)
cfn=(540)
calls=1 33 
0 730
0 1
0 5
cfn=(634)
calls=1 0 
0 92100556
0 8
cfn=(638) accuracy
calls=1 0 
0 9140899
0 3
cob=(3)
cfi=(121)
cfn=(564)
calls=1 28 
0 4059
0 1
0 9
cfn=(642) freeArrayAndInstances
calls=1 0 
0 5702581
0 3
cob=(3)
cfi=(85)
cfn=(510)
calls=1 2934 
0 100
0 1
0 4
cfn=(646) freeTree
calls=1 0 
0 2110196
0 3
cob=(3)
cfi=(85)
cfn=(510)
calls=1 2934 
0 100
0 1
0 6

fn=(528)
0 200095
cob=(3)
cfi=(85)
cfn=(510)
calls=25010 2934 
0 2501000
cob=(1)
cfi=(77)
cfn=(301)
calls=1 64 
0 1072
0 25015
0 50027

fn=(576)
0 250110
cob=(3)
cfi=(121)
cfn=(564)
calls=25011 28 
0 7953498
0 25011
0 3051342
cob=(3)
cfi=(121)
cfn=(564)
calls=250110 28 
0 476051432
0 250110
0 1225539
cob=(3)
cfi=(121)
cfn=(564)
calls=25011 28 
0 14769133
0 25011
0 75033

fn=(612)
0 1026111

fn=(660) 0x00000000004008f0
0 8

fn=(614)
0 2983984

fn=(620)
0 599846496656
cob=(4)
cfi=(136)
cfn=(626)
calls=21073935 28 
0 1525273718
cob=(1)
cfi=(77)
cfn=(301)
calls=1 64 
0 874
0 21073940
0 760860568
cob=(4)
cfi=(136)
cfn=(626)
calls=16300343 28 
0 1179044315
0 16300343
0 330920892

fn=(638)
0 250125
cfn=(640)
calls=25011 0 
0 8515599
0 375175

fn=(312) __libc_csu_init
0 15
cob=(2)
cfi=(16)
cfn=(314) 0x00000000004007a0
calls=1 0 
0 6
0 8
cfn=(318) 0x0000000000400990
calls=1 0 
0 16
0 11

fn=(656)
0 5
cfn=(660)
calls=1 0 
0 8
0 3

fn=(642)
0 200095
cfn=(644) freeInstance
calls=25011 0 
0 5402376
0 100050
cob=(3)
cfi=(85)
cfn=(510)
calls=1 2934 
0 56
0 1
0 3

fn=(644)
0 200088
cob=(3)
cfi=(85)
cfn=(510)
calls=25011 2934 
0 2501100
0 25011
0 75033
cob=(3)
cfi=(85)
cfn=(510)
calls=25011 2934 
0 2501100
0 25011
0 75033

fn=(646)
0 13
cfn=(647) freeTree'2
calls=1 0 
0 480116
0 4
cfn=(647)
calls=1 0 
0 1629956
0 3
cob=(3)
cfi=(85)
cfn=(510)
calls=1 2934 
0 100
0 1
0 3

fn=(647)
0 193420
cfn=(647)
calls=8791 0 
0 11645756
0 35164
cfn=(647)
calls=8791 0 
0 18613436

ob=(2)
fl=(16)
fn=(696) 0x0000000004c2f5f8
0 1
cob=(3)
cfi=(142) /build/glibc-Cl5G7W/glibc-2.23/stdlib/cxa_finalize.c
cfn=(676) __cxa_finalize
calls=1 31 
0 56

fn=(82)
0 1
cob=(1)
cfi=(17)
cfn=(84)
calls=1 120 
0 6

fn=(674)
0 1
cob=(3)
cfi=(142)
cfn=(676)
calls=1 31 
0 56

fn=(688)
0 3

fn=(342) 0x0000000004f528a0
0 50027
cob=(3)
cfi=(85)
cfn=(344)
calls=50027 2902 
0 16812264

fn=(278)
0 6

fn=(244)
0 6

fn=(314)
0 4

ob=(6)
fl=(76)
fn=(647)
0 52752
cob=(3)
cfi=(85)
cfn=(510)
calls=17584 2934 
0 1758400
0 17584
0 52752

fn=(318)
0 16

ob=(2)
fl=(16)
fn=(314)
0 2

fn=(508) 0x0000000004f528a8
0 75038
cob=(3)
cfi=(85)
cfn=(510)
calls=75038 2934 
0 9529976

fn=(666)
0 3

fn=(706)
0 3

ob=(4)
fl=(55)
fn=(204)
12 8

fl=(61)
fn=(216)
25 1
+1 1
+1 1
+1 1
+2 1

fl=(54)
fn=(202)
9 8

fl=(57)
fn=(208)
25 1
+1 1
+1 1
+1 1
+2 1

fl=(64)
fn=(222)
25 1
+1 1
+1 1
+1 1
+2 1

fl=(136)
fn=(626)
28 112122837
+14 37374279
cfi=(137) /build/glibc-Cl5G7W/glibc-2.23/math/../sysdeps/ieee754/dbl-64/wordsize-64/e_log2.c
cfn=(628) __log2_finite
calls=37374279 +39 
* 2554820990

fl=(60)
fn=(282)
0 17

fn=(226)
0 8

fn=(214)
0 8

fn=(228)
0 8

fn=(700) 0x0000000000005600
0 9

fn=(690)
0 8
cob=(2)
cfi=(16)
cfn=(696)
calls=1 0 
0 57
0 1
cfn=(700)
calls=1 0 
0 9
0 3

fl=(59)
fn=(212)
8 5

fl=(56)
fn=(206)
25 1
+1 1
+1 1
+1 1
+2 1

fl=(63)
fn=(220)
25 1
+1 1
+1 1
+1 1
+2 1

fl=(137)
fn=(628)
81 37374279
-3 37374279
+3 37374279
-3 37374279
+3 37374279
+8 37374279
+2 112122837
+3 74748558
+1 37374279
-1 37374279
+5 37374279
-4 74748558
+4 74748558
-4 37374279
+2 74748558
+2 74748558
-2 37374279
+2 37374279
+2 37374279
-4 37374279
+4 37374279
-1 37374279
+1 74748558
+2 1616386
+1 808193
-1 808193
+5 36566086
+2 36566086
-2 36566086
+9 36566086
-9 36566086
+8 36566086
-6 36566086
+7 73132172
-9 36566086
+1 73132172
+2 73132172
+5 511925204
+1 36566086
+2 3999162
+1 10664432
+4 281864256
+2 36041225

fl=(62)
fn=(224)
16 5

fn=(218)
10 5

fl=(58)
fn=(210)
25 1
+1 1
+1 1
+1 1
+2 1

ob=(3)
fl=(123) /build/glibc-Cl5G7W/glibc-2.23/string/../sysdeps/x86_64/strchr.S
fn=(568) strchrnul
24 889587
+1 889587
+1 889587
+1 889587
+1 889587
+1 889587
+1 889587
+1 889587
+1 889587
+1 889587
+1 889587
+1 889587
+1 889587
+1 889587
+1 889587
+1 889587
+1 889587
+1 864575
+2 864575
+7 864575
+4 25012
+1 25012
+1 25012
+1 25012
+1 25012
+1 25012
+1 25012
+1 25012
+1 25012
+1 25012
+1 25012
+1 25012
+1 25012
+1 25012
+1 25012
+1 25012
+1 25012
+1 25012
+1 25012
+1 25012
+1 25012
+1 25012
+1 25012
+1 25012
+52 25012
+2 25012
+7 25012

fl=(128) /build/glibc-Cl5G7W/glibc-2.23/stdlib/../sysdeps/ieee754/dbl-64/dbl2mpn.c
fn=(584) __mpn_extract_double
37 258903
-4 258903
+4 517806
+1 258903
+9 517806
+9 258903
-18 776709
+18 258903
-18 258903
+9 258903
+9 258903
+47 517806
+4 258903
-4 258903
+4 258903

fl=(142)
fn=(676)
31 8
+17 2
-17 8
+4 8
+4 12
-4 6
+32 8
+4 12
-4 6
+12 4
+3 2
-2 2
+2 12
-2 2
cfi=(143) /build/glibc-Cl5G7W/glibc-2.23/nptl/unregister-atfork.c
cfn=(678) __unregister_atfork
calls=2 -52 
* 20

fl=(88) /build/glibc-Cl5G7W/glibc-2.23/elf/dl-addr.c
fn=(352) _dl_addr
126 9
+5 1
-5 2
+5 2
cob=(1)
cfi=(2)
cfn=(50)
calls=1 704 
* 2
+2 2
cob=(1)
cfi=(77)
cfn=(301)
calls=1 -69 
* 1327
* 5
+2 2
30 1
+1 1
-1 1
+1 1
+3 2
+5 1
+6 1
-7 1
+2 2
+2 1
-2 1
+2 1
+3 1
+5 8
+2 1
+1 2
-1 1010
+1 2020
+2 3628
+9 2010
+7 24
-2 24
+2 2259
-2 2211
+2 5750
-10 11175
+2 8940
+1 14318
+7 1011
-21 2022
+49 3
+1 1
+1 3
+3 2
+37 2
cob=(1)
cfi=(2)
cfn=(52)
calls=1 710 
* 2
+3 9
-28 1
+1 1
+21 2

fl=(109) /build/glibc-Cl5G7W/glibc-2.23/stdlib/strtod_l.c
fn=(480) round_and_return
197 2626190
fi=(112) /build/glibc-Cl5G7W/glibc-2.23/stdlib/../sysdeps/generic/get-rounding-mode.h
94 262619
+1 1313095
fe=(109)
200 525238
+94 525238
+35 1838333
fi=(112)
104 262619
-9 525238
fe=(109)
301 2626190
-4 262619
fi=(113) /build/glibc-Cl5G7W/glibc-2.23/stdlib/../include/rounding-mode.h
46 1050476
fe=(109)
328 787857
cfi=(114) /build/glibc-Cl5G7W/glibc-2.23/stdlib/../sysdeps/ieee754/dbl-64/mpn2dbl.c
cfn=(486) __mpn_construct_double
calls=262619 39 
* 3676666
* 2888809
fi=(113)
46 525238
+6 525238
fe=(109)

fn=(472) ____strtod_l_internal
481 1925784
+55 275112
-55 825336
+53 275112
+2 275112
+18 275112
-1 275112
+15 550224
+1 550224
cfi=(110) /build/glibc-Cl5G7W/glibc-2.23/string/../sysdeps/x86_64/strlen.S
cfn=(474) strlen
calls=275112 66 
* 4401792
+1 275112
-1 275112
+1 550224
+10 275112
-6 275112
+6 825336
+3 550224
+1 275112
-1 275112
+1 275112
+3 550224
+5 275112
-17 275112
+17 275112
+13 825336
+1 550224
+56 1100448
+19 525238
-67 825336
738 12493
1743 2200896
487 24986
683 24986
-1 24986
+1 24986
+23 825336
-1 24986
+2 37479
+41 787857
+1 525238
+12 525238
+13 602170
-26 1204340
+4 903255
+25 525238
+42 1050476
+9 525238
+1 525238
+18 525238
+6 262619
+1 262619
-1 525238
+1 262619
725 787857
855 1313095
986 525238
+10 1838333
+19 525238
+1 525238
+2 525238
738 62465
593 525238
1021 525238
+33 525238
+92 262619
+2 1575714
+1 262619
+1 262619
+3 525238
-3 262619
+3 525238
662 37479
+19 12493
487 12493
681 24986
+31 24986
+1 24986
+12 24986
-19 74958
+27 74958
cfi=(118) /build/glibc-Cl5G7W/glibc-2.23/stdlib/grouping.c
cfn=(522) __correctly_grouped_prefixmb
calls=12493 55 
* 237367
+5 112437
1165 525238
576 262619
1168 525238
681 525238
487 525238
1369 262619
1171 2626190
cfn=(476) str_to_mpn.isra.0
calls=262619 338 
* 13592542
* 262619
+6 1838333
+44 262619
+1 525238
-1 525238
+1 262619
+4 262619
-4 262619
+4 262619
+6 525238
+32 525238
+3 1838333
+2 525238
+8 525238
+21 1838333
cfn=(480)
calls=262619 197 
* 20221663
* 262619
-19 2626190
cfi=(111) /build/glibc-Cl5G7W/glibc-2.23/stdlib/../sysdeps/x86_64/lshift.S
cfn=(478) __mpn_lshift
calls=262619 29 
* 3939285
+4 1050476

fn=(476)
338 1838333
+14 262619
-1 262619
-13 525238
+14 2100952
+34 1204340
+10 301085
+3 301085
+1 301085
+2 301085
-3 301085
+3 301085
-47 76932
+49 1050476
+9 262619
-2 525238
+2 262619
-2 262619
+2 262619
+2 262619
+1 262619
+15 2363571

fl=(126) /build/glibc-Cl5G7W/glibc-2.23/stdio-common/printf_fp.c
fn=(586) hack_digit
169 1672929
+3 1672929
+2 2230572
+8 358533
+21 89025
cfi=(129) /build/glibc-Cl5G7W/glibc-2.23/stdlib/../sysdeps/x86_64/mul_1.S
cfn=(588) __mpn_mul_1
calls=29675 32 
* 593500
+1 59350
+1 97940
+4 148375
-23 717066
cfi=(134) /build/glibc-Cl5G7W/glibc-2.23/stdlib/divrem.c
cfn=(598) __mpn_divrem
calls=119511 46 
* 4030905
+2 478044
+3 119511
-2 119511
+3 119511
-1 119511
+1 717066
+1 179672
-1 89836
+6 89836
+1 89836
+10 449180
-33 876264
+1 438132
-1 438132
+1 876264
-1 438132
+1 438132
cfi=(129)
cfn=(588)
calls=438132 32 
* 8762640
* 438132
+32 2688142

fn=(580) __printf_fp_l
215 2589030
+39 258903
-39 258903
+30 258903
+16 258903
-7 776709
+10 258903
-10 517806
+10 258903
fi=(127) /build/glibc-Cl5G7W/glibc-2.23/stdio-common/../include/../locale/localeinfo.h
+42 776709
fe=(126)
-39 517806
+18 776709
+33 258903
-2 517806
+16 258903
+2 258903
-2 258903
+46 258903
+3 517806
+14 1035612
+16 2071224
cfi=(128)
cfn=(584)
calls=258903 37 
* 5178060
+4 258903
-4 258903
+4 517806
+36 258903
+12 258903
-9 2330127
+1 1294515
+1 517806
+1 517806
-2 258903
+1 258903
-1 258903
+2 258903
+7 258903
-8 258903
+1 258903
+7 258903
638 397768
806 795536
cfi=(111)
cfn=(478)
calls=198884 29 
* 2983260
+1 994420
+1 198884
+14 397768
-10 198884
+10 198884
-10 198884
+10 397768
+2 198884
-2 198884
+2 198884
-2 120038
-10 60019
+10 60019
-10 60019
+10 120038
+2 60019
-2 60019
+2 60019
+10 517806
+48 258903
-61 258903
+61 517806
+14 1812321
+7 258903
fi=(146) /build/glibc-Cl5G7W/glibc-2.23/stdio-common/../sysdeps/pthread/allocalim.h
29 517806
fe=(126)
913 1812321
+4 258903
-3 517806
+3 517806
+3 1035612
-6 2071224
+9 776709
cfn=(586)
calls=258903 169 
* 13676209
* 119511
cfn=(586)
calls=39837 169 
* 3154491
-3 298740
+3 298740
-3 1593255
+7 1294515
+2 517806
-4 258903
+4 517806
+12 776709
+1 1812321
+1 7249284
+1 517806
172 1553418
946 1553418
172 3106836
+2 4660254
+8 717066
947 1553418
+1 1553418
+2 3106836
1250 2330127
473 180057
+16 120038
248 540171
524 60019
-1 60019
+1 180057
-1 60019
+1 120038
cfi=(102) /build/glibc-Cl5G7W/glibc-2.23/string/../sysdeps/x86_64/multiarch/../memcpy.S
cfn=(434) __GI_memcpy
calls=60019 61 
* 1380437
* 60019
+16 200239
+11 20182
-2 20182
+2 800429
-2 760065
+2 2240358
-57 720228
+4 3601140
-4 60019
+4 300095
+2 120038
-65 3106836
186 1434132
cfi=(134)
cfn=(598)
calls=239022 46 
* 7409682
+2 956088
+3 239022
-2 239022
+3 239022
-1 239022
+1 1434132
+1 478044
-1 239022
+7 239022
-1 956088
-22 2628792
+1 1314396
-1 1314396
+1 2628792
-1 1314396
+1 1314396
cfi=(129)
cfn=(588)
calls=1314396 32 
* 26287920
* 6571980
944 776709
+15 1294515
+1 776709
cfn=(586)
calls=258903 169 
* 12805908
+2 776709
fi=(130) /build/glibc-Cl5G7W/glibc-2.23/stdio-common/../sysdeps/generic/get-rounding-mode.h
94 258903
+1 1294515
fe=(126)
1078 1035612
+7 517806
+3 517806
+13 776709
+46 1553418
+2 1553418
+2 258903
-2 258903
+2 1035612
540 180057
cfi=(132) /build/glibc-Cl5G7W/glibc-2.23/stdlib/cmp.c
cfn=(594) __mpn_cmp
calls=60019 35 
* 731343
* 219894
+3 199185
cfi=(102)
cfn=(434)
calls=39837 61 
* 916251
+1 119511
+1 119511
+1 39837
-2 39837
+1 39837
+1 79674
-1 39837
+1 79674
+6 60019
+6 60019
-6 60019
+6 60019
+4 637392
+4 79674
+2 39837
-2 39837
+2 39837
+17 39837
-1 79674
+1 79674
+3 159348
+9 159348
+32 119511
-1 39837
+1 159348
cfi=(133) /build/glibc-Cl5G7W/glibc-2.23/stdlib/../sysdeps/x86_64/rshift.S
cfn=(596) __mpn_rshift
calls=39837 29 
* 677229
+4 278859
-1 79674
964 776709
+3 219066
-4 219066
+4 219066
+5 219066
-1 219066
+1 2628792
248 258903
1154 517806
+7 1035612
+9 776709
+7 258903
+3 258903
-3 776709
+5 517806
cfi=(110)
cfn=(474)
calls=258903 66 
* 4142448
* 258903
+2 776709
+5 776709
+2 258903
-2 258903
+2 258903
-2 258903
+2 258903
+18 3365739
+3 3704316
+3 3704316
-6 6333183
+1 6333183
+1 1035612
cfi=(125) /build/glibc-Cl5G7W/glibc-2.23/string/../sysdeps/x86_64/memcpy.S
cfn=(572) __GI_mempcpy
calls=258903 61 
* 4660254
* 258903
fi=(130)
95 517806
fi=(131) /build/glibc-Cl5G7W/glibc-2.23/stdio-common/../include/rounding-mode.h
-43 1035612
fe=(126)
1156 776709
837 258903
-1 258903
+1 1035612
+3 776709
+2 258903
-3 258903
-1 258903
+4 258903
+2 517806
-7 258903
+5 258903
-5 517806
481 900285
cfi=(111)
cfn=(478)
calls=60019 29 
* 900285
+4 540171
+1 60019
-1 60019
+1 60019
+1 300095
1239 776709
+7 517806
964 79674
+3 1891995
1219 517806
+17 1294515
-78 517806
607 79674
+18 318696
cfi=(133)
cfn=(596)
calls=39837 29 
* 677229
* 39837
1236 25033992
cfi=(93) /build/glibc-Cl5G7W/glibc-2.23/libio/genops.c
cfn=(550) __overflow
calls=2111061 230 
* 82331379
* 4222122
-34 1553418
-45 258903
837 517806
1159 1035612
568 258903
1185 517806

fn=(578) __printf_fp
1257 258903
-1 258903
+1 1035612
cfn=(580)
calls=258903 215 
* 379213203

fl=(114)
fn=(486)
39 262619
-6 787857
+7 262619
-7 262619
+6 525238
+1 787857
+6 525238
+1 262619

fl=(73)
fn=(272) intel_check_word
133 12
+6 6
-7 30
+7 24
-7 6
+7 6
+2 6
-2 6
+2 6
+68 10
+3 30
-69 5
+2 10
-2 8
+2 16
+8 26
+51 26
+22 13
fi=(74) /build/glibc-Cl5G7W/glibc-2.23/string/../bits/stdlib-bsearch.h
27 13
+1 26
+3 26
+1 13
fe=(73)
+89 26
fi=(74)
-90 42
+1 21
fe=(73)
+89 42
+3 84
fi=(74)
-95 61
+2 61
-2 61
+2 106
+1 53
fe=(73)
+89 106
231 12
+14 2
+6 11
141 22
-6 4
256 24
fi=(74)
37 23
-8 48
fe=(73)
233 2
+2 4
+2 2
+19 12

fn=(268)
482 2
+12 1
-12 3
+12 3
+2 4
cfn=(270) handle_intel
calls=1 262 
* 776
+4 2
-4 1
+4 1
cfn=(270)
calls=1 262 
* 489
+2 1
-2 1
-1 1
+3 1
+9 2
+2 1
+1 1
+2 1
+5 2
+9 4
-9 4
+9 16
-9 12
+6 8
+69 4
+1 5
+55 2
+2 1
+1 1
+2 1
-3 1
+5 1
-5 1
+4 3
+4 2
+2 1
+1 1
+2 1
-3 1
+5 1
-5 1
+4 2
+3 1
-3 1
+3 5
532 1
+32 1
-26 6
+7 5
+2 1
+1 1
+1 2
-4 4
+2 1
+1 1
+1 6
+2 2
-6 2
+6 2
+5 1
+2 2
+1 1
-1 1
+1 3
+6 1
-1 1
+1 5

fn=(270)
262 4
-1 4
+17 2
-17 12
+14 2
+1 4
-3 6
+23 8
cfn=(272)
calls=2 133 
* 680
+1 4
+3 10
cfn=(272)
calls=2 133 
* 349
+1 4
+3 5
cfn=(272)
calls=1 133 
* 24
+1 2
+3 5
cfn=(272)
calls=1 133 
* 100
+1 2
-25 4
+5 2
-5 6
+5 2
+2 2
+1 2
-1 4
+27 16

fl=(81) /build/glibc-Cl5G7W/glibc-2.23/setjmp/../sysdeps/x86_64/bsd-_setjmp.S
fn=(326) _setjmp
30 1
+2 1
cfi=(82) /build/glibc-Cl5G7W/glibc-2.23/setjmp/../sysdeps/x86_64/setjmp.S
cfn=(328) __sigsetjmp
calls=1 -6 
* 28

fl=(90) /build/glibc-Cl5G7W/glibc-2.23/malloc/morecore.c
fn=(368) __default_morecore
46 40
+1 40
cfi=(91) /build/glibc-Cl5G7W/glibc-2.23/misc/sbrk.c
cfn=(370) sbrk
calls=40 -13 
* 1593
+1 120
+4 80

fl=(120)
fn=(540)
33 24
+2 6
cfi=(110)
cfn=(474)
calls=6 +31 
* 96
+1 6
-1 6
+1 102
+3 19
+1 4
cfi=(94) /build/glibc-Cl5G7W/glibc-2.23/libio/fileops.c
cfn=(542) _IO_file_xsputn@@GLIBC_2.2.5
calls=1 1287 
* 1096333
* 20
cfi=(94)
cfn=(542)
calls=5 1287 
* 1159
* 12
+1 24
+1 24
fi=(103) /build/glibc-Cl5G7W/glibc-2.23/libio/libioP.h
866 12
fe=(120)
38 10
fi=(103)
867 48
fe=(120)
46 30
-5 12
cfi=(93)
cfn=(550)
calls=6 230 
* 840
* 12

fl=(144) /build/glibc-Cl5G7W/glibc-2.23/posix/../sysdeps/unix/sysv/linux/_exit.c
fn=(718) _Exit
27 2
+4 1
+2 2

fl=(82)
fn=(328)
26 1
+9 1
+1 2
+1 1
+4 1
+1 1
+1 1
+1 1
+1 1
+2 2
+2 1
+1 1
+1 1
+2 2
+2 1
+9 1
cfi=(83) /build/glibc-Cl5G7W/glibc-2.23/setjmp/sigjmp.c
cfn=(330) __sigjmp_save
calls=1 -36 
* 9

fl=(111)
fn=(478)
29 521522
+1 521522
+2 521522
+1 521522
+1 521522
+12 521522
+1 521522
+1 521522
+1 521522
+1 521522
+1 521522
+1 521522
+6 521522
+1 521522
+1 521522

fl=(143)
fn=(678)
28 8
+8 2
+3 4
+82 6

fl=(98) /build/glibc-Cl5G7W/glibc-2.23/libio/iogetline.c
fn=(406) _IO_getline_info
49 250130
+2 25013
-2 75039
+2 25013
+2 75039
+2 100052
+29 25142
+1 50284
-1 25142
+1 50284
cfi=(101) /build/glibc-Cl5G7W/glibc-2.23/string/../sysdeps/x86_64/memchr.S
cfn=(432) memchr
calls=25142 -60 
* 859857
+1 25142
-1 25142
+1 25142
+14 408
+3 136
-1 136
-2 136
cfi=(102)
cfn=(434)
calls=136 -39 
* 3434
+1 136
-46 272
+2 75861
+1 50574
+2 290
cfi=(93)
cfn=(408) __uflow
calls=145 348 
* 16075
+1 290
+6 288
+11 138
-1 276
-22 278
+52 56
-18 25006
+1 25006
-2 25006
+1 25006
-1 25006
+2 50012
+2 25006
+2 50012
+2 125030
cfi=(102)
cfn=(434)
calls=25006 -35 
* 791138
+1 25006
+1 25006
-1 25006
+10 200048
-44 2
+6 12
+1 12
+5 18
-21 2

fn=(404) _IO_getline
34 50026
cfn=(406)
calls=25013 +15 
* 3226545

fl=(132)
fn=(594)
35 181010
+2 70181
+1 70181
+1 140362
+8 249285
-5 10162
+6 10162

fl=(119) /build/glibc-Cl5G7W/glibc-2.23/misc/../sysdeps/unix/sysv/linux/wordsize-64/mmap.c
fn=(526) mmap
33 2
-1 20
+1 6
+1 20
+2 14
-3 4

fl=(83)
fn=(330)
28 1
+1 1
-1 2
+1 2
+5 3

fl=(95) /build/glibc-Cl5G7W/glibc-2.23/io/../sysdeps/unix/syscall-template.S
fn=(386) open
84 2
cfn=(388) __open_nocancel
calls=1 * 
* 5

fn=(428) read
84 290
cfn=(430) __read_nocancel
calls=145 * 
* 725

fn=(556) __write_nocancel
84 213035

fn=(388)
84 5

fn=(430)
84 725

fn=(554) write
84 85214
cfn=(556)
calls=42607 * 
* 213035

fl=(46)
fn=(188)
129 1
+1 1
+1 1
+1 1
+1 1
+1 1
+1 1
+1 1
+1 1
+5 1

fn=(178)
109 1
+1 1
+1 1
+1 1
+1 1
+1 1
+1 1
+1 1
+1 1
+5 1

fl=(80) /build/glibc-Cl5G7W/glibc-2.23/stdlib/cxa_atexit.c
fn=(308) __cxa_atexit
57 5
-22 1
+22 1
-22 1
cfn=(310) __new_exitfn
calls=1 +38 
* 38
+2 2
+4 1
+3 1
+1 1
-4 2
+2 1
+4 1
+1 1
+11 4

fn=(310)
73 2
+6 1
-6 1
+6 1
-6 1
+6 4
+2 6
+2 3
-2 1
+10 2
-10 2
+45 1
+1 1
+3 4
+3 5
-21 1
+1 2

fl=(72) /build/glibc-Cl5G7W/glibc-2.23/ctype/ctype-info.c
fn=(266) __ctype_init
31 5
+2 1
+2 1
-4 1
+4 1
-4 1
+2 3
+2 3

fl=(124) /build/glibc-Cl5G7W/glibc-2.23/stdio-common/_itoa.c
fn=(570) _itoa_word
168 170464
+2 85232
+9 596624
+9 85232

fl=(67)
fn=(256)
52 8
+6 3
+14 1
fi=(69) /build/glibc-Cl5G7W/glibc-2.23/csu/../sysdeps/unix/sysv/linux/x86_64/init-first.c
-36 1
fe=(67)
+34 1
+1 1
fi=(69)
-35 3
fe=(67)
+36 1
fi=(69)
-36 3
fi=(68) /build/glibc-Cl5G7W/glibc-2.23/csu/../sysdeps/generic/dl-hash.h
+12 3
+14 4
-17 3
+3 9
+14 12
-17 9
fi=(69)
-9 3
+2 2
-2 1
+2 2
cfi=(49) /build/glibc-Cl5G7W/glibc-2.23/elf/../sysdeps/unix/sysv/linux/dl-vdso.c
cfn=(184) _dl_vdso_vsym
calls=1 -11 
* 6
+1 2
+5 2
-3 2
+1 1
+2 1
cfi=(49)
cfn=(184)
calls=1 -17 
* 6
fe=(67)
+42 3
fi=(69)
-41 2
+1 1
fe=(67)
+40 1
cfi=(70) /build/glibc-Cl5G7W/glibc-2.23/misc/init-misc.c
cfn=(262) __init_misc
calls=1 -55 
* 48
+8 1
cfi=(72)
cfn=(266)
calls=1 -63 
* 16
+5 6
-34 1
-7 1
+7 4
fi=(69)
-25 2
fe=(67)

fl=(75)
fn=(276)
33 3
+1 1

fl=(50)
fn=(186)
45 1
+1 1
+1 1
+1 1
+1 1
+1 1

fn=(190)
45 1
+1 1
+1 1
+1 1
+1 1
+1 1

fl=(85)
fn=(344)
2902 480696
+5 320464
+1 320464
+3 1281848
+2 480693
cfn=(362) _int_malloc
calls=160231 3349 
* 32821149
+3 160231
-3 160231
+3 160231
+8 640924
+2 1762531
+3 640924
-18 961386
-2 1
+20 3
-20 1
cfi=(86) /build/glibc-Cl5G7W/glibc-2.23/malloc/hooks.c
cfn=(346) malloc_hook_ini
calls=1 29 
* 59327

fn=(510)
2934 926215
+5 370486
+1 370486
+6 370486
+5 185243
-2 185243
+2 370486
+16 555723
+1 370482
cfn=(512) _int_free
calls=185241 3841 
* 15825973
+1 1111446
-15 6
+2 8
+2 2
+1 2
-1 2
+1 2
+1 4
2833 4
+1 2
+6 2
-7 2
+7 12
+7 2
+1 6
+5 4
cfi=(138) /build/glibc-Cl5G7W/glibc-2.23/misc/../sysdeps/unix/syscall-template.S
cfn=(632) munmap
calls=2 84 
* 10
2969 12

fn=(362)
3349 555732
-30 370488
+30 185244
-30 740976
+30 555732
-30 185244
+30 555732
+4 555732
+14 370488
+2 397296
+2 132432
-1 132432
-1 132432
+1 132432
+5 264864
+3 189850
+1 37970
-1 37970
+1 75940
+25 294548
+2 365712
+1 365712
+2 121904
-2 121904
+2 243808
+2 2872
+4 1435
+1 2870
+5 1435
+1 1435
+1 1435
+2 4305
+23 252150
+1 50740
+1 50300
cfn=(364) malloc_consolidate
calls=25150 4144 
* 3624561
3819 2041746
-2 145839
+2 145839
-2 145839
+2 291678
5002 145839
3817 145839
+2 145839
5004 145839
3819 145839
5004 145839
3819 437517
5004 291678
3819 583356
5002 291678
3469 291688
+66 65538
+1 98307
+1 32769
-1 65538
+51 163845
+7 32769
-6 32769
+1 32769
+1 32769
+1 32769
+3 32769
-58 25656
+51 128280
+7 25656
-6 25656
+1 25656
+1 25656
+1 25656
+3 25656
3469 612801
+3 93073
-1 93073
+1 186146
+1 186146
+3 93073
+10 287996
+34 84199
-5 84199
+1 84199
+4 84199
+13 116850
+8 103370
+1 1492
+1 373
+3 746
-4 101132
+1 25283
+3 50566
+5 14
-2 14
+2 42
+1 28
+6 3
-1 3
+1 3
+1 9
3382 189850
1879 70412
3770 70412
1879 140824
3833 1667196
3541 176789
+22 33
+1 22
+6 11
+6 7
-1 7
+3 7
-2 7
+1 7
+1 14
+2 22
-39 442
-54 77806
+1 46260
+5 8874
-1 8874
+5 8874
-3 17748
+1 8874
+1 17748
+1 8874
+2 3073
+1 3073
+3 24584
+2 9219
+1 3073
+3 3073
1879 9219
3503 46408
+2 17403
+1 5801
+3 5801
1879 17403
3584 102568
-43 14
+31 8
+31 222392
+73 222350
+1 222350
+1 222350
+1 222350
+1 222350
+5 243351
+16 593796
+2 1187592
-4 1310984
+8 61696
+3 123392
+2 30710
+2 30710
-1 30710
-1 92130
-27 30710
+27 30710
-27 30710
+4 394374
+3 425432
-3 316020
+3 420888
-3 210094
+3 314745
3792 80189
+3 80189
-2 160378
+2 160378
+17 92
+2 10
cfn=(364)
calls=5 4144 
* 1784
+3 5
-1 5
+1 5
-1 5
3523 25774
-1 25774
+1 51548
1879 25774
3526 25774
1879 51548
3605 1077
+3 359
-3 359
+3 1139
+3 42
+1 105
+6 42
+3 42
+1 21
-1 21
+1 294
+3 42
+3 6
-1 6
+1 18
3448 744
1879 164
3448 1363
3692 3579
+2 2386
+1 2386
-1 100152
+1 100152
3448 72
3692 150228
+27 61972
+3 61972
+5 30986
-3 61972
+3 30986
-3 30986
+3 448710
+3 61972
+3 1203
-1 1203
+1 3609
+12 29783
+1 59566
-6 29783
+17 29783
-6 29783
+1 29783
+1 29783
+1 29783
+3 29783
+1 29572
+1 59566
+2 25420
+1 25420
+2 25420
+2 25420
-2 177940
+2 76260
+1 76260
-3 4378
+2 4378
-2 30646
+2 13134
+1 13134
3448 8
3827 123
cfn=(366) sysmalloc
calls=41 2268 
* 6979
+1 82
-28 80143
-3 80143
+1 80143
+2 80143
-1 80143
+1 160286
+2 80143
-2 320572
+2 80143
+3 80143
1879 240429
3638 15
-4 15
+5 30
+9 15
-4 15
+1 15
+1 15
+1 15
+1 79
+79 307464
3622 252

fn=(448)
3172 25012
+15 25012
-15 75036
+10 25012
+5 50024
-15 25012
+10 25012
+5 50024
+8 50024
+1 50024
+12 175084
+6 25012
+8 25012
-7 50024
+7 50024
+14 75036
cfn=(362)
calls=25012 3349 
* 1450878
+3 25012
-3 25012
+3 225108
+10 50024
+1 100048
+3 50024
+6 75036
+52 150072
3208 150072
+62 25012
-3 25012
+3 125064
+11 2
+1 4
+1 4
-2 25010
+1 50020
+1 50020
+2 50024
+8 25012
-3 25012
+1 25012
+1 50024
+1 25012
+4 25012
-2 25012
+1 25012
+1 25012

fn=(364)
4144 50318
-22 201264
+23 75474
+12 25158
5002 25158
4147 25158
+11 25158
-1 25158
5004 25158
-2 25158
+2 125790
4160 50316
+1 50316
-1 452844
+1 455196
+22 103
-1 103
+1 1350
+4 2
+4 2
-3 2
+1 2
+2 2
-4 26840
+4 26840
-3 26840
+1 26840
+2 26840
+1 10
+1 10
+3 10
+1 10
+1 10
-2 10
+12 10
-12 10
+3 20
+9 10
-12 26832
+1 26832
+1 26832
-2 26832
+12 26832
-12 26832
+3 53664
+9 26832
-41 26843
-3 26843
+3 53686
+1 26843
+1 53686
+2 53686
+1 55
+2 55
-1 55
+2 797
+3 53686
+3 53684
+4 53478
+19 2
+4 1
-4 1
+1 2
+3 4
+3 4
-3 1566
+3 1006316
+6 201264
-42 60
+8 12
4996 4
1808 3
-3 2
+3 378
-3 252
+7 3
+5 1
+2 1
-2 2
-1 3

fn=(512)
3841 1667169
+13 185241
-13 185241
+13 370482
+6 740964
+1 370482
+11 740964
+13 370482
+11 529688
+1 397266
1886 132422
3921 132422
1886 264844
3923 397266
+1 264844
+4 132422
-4 132422
+1 132422
+9 926954
+9 529688
+2 132422
+2 794532
4105 1481928
3960 105638
+1 158457
+15 105638
+8 158457
+6 105638
+1 105638
+1 105638
1886 158457
4001 105638
+1 96
+2 96
-1 96
+2 1359
+3 105638
+5 105634
+1 379275
+1 25285
+11 25285
-1 25285
+2 50570
-1 27532
-1 27532
+2 55064
+7 52817
-2 52817
+1 52817
+1 52817
+2 50400
+1 50400
+2 50400
+1 50400
+2 151200
+1 50400
+30 100800
-34 2417
+1 2417
+2 7251
+1 2417
+30 4838
+1 14
+3 21
3962 264095
+8 52819
-4 52819
+4 158457
-7 105638
4093 158457
+1 158457
+1 264095
3949 529688
+68 55064
-3 75153
+61 8
cfn=(364)
calls=4 +69 
* 1921
* 4
-21 2
+1 6
+1 4
-80 264095
4079 35

fn=(366)
2268 328
+20 41
+11 41
-11 41
+11 41
+1 201
fi=(87) /build/glibc-Cl5G7W/glibc-2.23/malloc/arena.c
488 117
fe=(85)
2315 195
+65 39
+1 117
+10 39
-9 39
+9 119
+6 156
+3 117
2723 78
+1 39
+8 156
+5 39
-3 39
+3 39
-2 39
+2 117
+1 39
-1 39
-1 39
+4 39
-3 78
+1 39
+8 369
2391 266
-90 6
+14 8
+6 4
+19 6
+15 6
+5 6
+1 10
+3 6
+1 10
+98 39
-8 156
+8 39
+21 195
cfi=(90)
cfn=(368)
calls=39 46 
* 1848
* 39
+1 39
+3 156
+3 78
+1 78
+20 78
+26 78
+2 78
+6 39
-6 39
+6 115
+1 190
2321 39
2464 39
+10 195
+8 39
-8 39
+8 39
+67 7
+37 2
+6 3
+19 1
+3 2
+1 5
+2 1
-2 1
+2 1
+1 3
cfi=(90)
cfn=(368)
calls=1 46 
* 25
+12 2
+8 1
+1 1
-1 2
+1 2
+39 1
+1 1
-2 1
+1 3
+12 1
-12 1
+1 1
+11 1
2539 5
2323 14
cfi=(119)
cfn=(526)
calls=2 33 
* 66
+2 4

fl=(52)
fn=(194)
37 1
-1 1
+1 6
fi=(48) /build/glibc-Cl5G7W/glibc-2.23/time/../sysdeps/generic/dl-hash.h
+11 3
+14 4
-17 3
+3 9
+14 12
-17 9
fe=(52)
-8 3
+3 2
-3 1
+3 1
cfi=(49)
cfn=(184)
calls=1 -13 
* 6
+1 3
+1 2

fl=(105) /build/glibc-Cl5G7W/glibc-2.23/libio/iofopncook.c
fn=(452) _IO_cookie_init
153 100048
+1 25012
-1 50024
+9 25012
-8 25012
cfi=(93)
cfn=(454) _IO_init
calls=25012 563 
* 1275612
+1 25012
-12 25012
+1 25012
+1 25012
+12 25012
+3 25012
-5 25012
-9 25012
-3 50024
+3 50024
-2 50024
+3 50024
-2 50024
+2 50024
+13 25012
cfi=(94)
cfn=(378) _IO_file_init@@GLIBC_2.2.5
calls=25012 -16 
* 2351128
+2 25012
+6 25012
-6 75036
+7 100048

fn=(450) fopencookie@@GLIBC_2.2.5
175 75036
+10 75036
+15 75036
+3 50024
cob=(2)
cfi=(16)
cfn=(342)
calls=25012 0 
* 8978964
+1 25012
-1 25012
+1 25012
+6 25012
-3 25012
+3 150072
-3 25012
+3 25012
cfn=(452)
calls=25012 -57 
* 4602208
+2 50024
+1 100048
-13 25012
-15 25012
+3 25012
+12 50024

fn=(464) _IO_cookie_read
47 75036
+2 50024
+3 50024
cfi=(104)
cfn=(466) fmemopen_read
calls=25012 -4 
* 3551704

fn=(504) _IO_cookie_close
94 75036
+2 50024
+3 50024
cfi=(104)
cfn=(506) fmemopen_close
calls=25012 +39 
* 2776332

fl=(47)
fn=(180)
38 1
-1 1
+1 6
fi=(48)
+10 3
+14 4
-17 3
+3 9
+14 12
-17 9
fe=(47)
-7 3
+3 2
-3 1
+3 1
cfi=(49)
cfn=(184)
calls=1 -14 
* 6
+1 3
+1 2

fl=(51)
fn=(192)
30 1
+1 1
+1 1
+1 1
+1 1
+1 1

fl=(79)
fn=(306)
134 7
+4 1
-4 3
+4 3
+82 1
-82 1
+82 1
+1 4
cfi=(80)
cfn=(308)
calls=1 57 
* 60
+22 4
+3 2
+1 5
cob=(6)
cfi=(76)
cfn=(312)
calls=1 0 
* 56
+4 4
+15 2
+12 2
cfi=(81)
cfn=(326)
calls=1 30 
* 30
+1 2
+5 2
+1 2
+3 2
+3 6
cob=(6)
cfi=(76)
cfn=(332)
calls=1 0 
* 605108593765
+34 2
cfi=(139) /build/glibc-Cl5G7W/glibc-2.23/stdlib/exit.c
cfn=(648) exit
calls=1 104 
* 1155
138 2

fl=(86)
fn=(346)
29 4
fi=(87)
260 1
fe=(86)
30 1
fi=(87)
260 1
fe=(86)
30 1
fi=(87)
260 1
fi=(85)
2911 7
+2 3
cfn=(362)
calls=1 3349 
* 1035
+3 1
-3 1
+3 1
+8 4
+2 11
fe=(86)
33 4
fi=(85)
2911 6
+12 1
cfi=(87)
cfn=(350) ptmalloc_init.part.5
calls=1 258 
* 58241
* 1
-15 2
fe=(86)

fl=(133)
fn=(596)
29 79674
+1 79674
+1 79674
+13 79674
+1 79674
+16 79674
+1 79674
+1 79674
+1 79674
+1 79674
+1 79674
+1 79674
+5 79674
+1 79674
+1 79674
+1 79674
+1 79674

fl=(93)
fn=(498) _IO_un_link
60 100052
-1 100052
+5 150078
+1 250130
+2 25013
-2 25013
+1 25013
+1 25013
-2 25013
+2 25013
-2 25013
+2 325169
+2 25013
-2 75039
+2 50026
+2 50026
+13 25013
+2 25013
-2 25013
+2 200104
+2 25013
-1 25013
+1 200104
+1 50026
+3 125065
-6 175091
-13 25013
+1 25013
-1 50026

fn=(502) _IO_unsave_markers
1049 25013
-2 25013
+2 25013
+19 75039
+2 25013

fn=(410) _IO_default_uflow
413 25157
-1 50314
+1 25157
cfi=(94)
cfn=(412) _IO_file_underflow@@GLIBC_2.2.5
calls=25157 539 
* 13666945
+1 50314
+2 100624
+1 50314

fn=(708) _IO_cleanup
948 2
+3 1
-3 2
-50 1
+50 1
+3 1
cfn=(710) _IO_flush_all_lockp
calls=1 760 
* 90
-63 1
+63 1
-63 2
+10 3
+8 5
+2 2
+2 1
+1 1
-1 1
+2 2
+3 5
cfi=(94)
cfn=(712) _IO_file_setbuf@@GLIBC_2.2.5
calls=1 450 
* 66
+2 3
+4 2
+7 3
-40 9
+2 6
+2 7
+6 12
+65 7
-42 3
+1 8

fn=(714) _IO_default_setbuf
522 4
+1 1
-1 2
+1 1
cfi=(94)
cfn=(716) _IO_file_sync@@GLIBC_2.2.5
calls=1 868 
* 13
* 2
+9 1
-7 1
+7 1
-7 1
388 1
-5 1
+1 1
+4 1
535 1
+2 1
-2 2
+1 3
+2 4
381 1
527 1
+1 1
-1 1
+1 1
381 4

fn=(380) _IO_link_in
98 75042
-1 50026
+3 50026
-3 25013
+5 25013
-2 25013
+2 125065
+1 250130
+2 25013
-2 25013
+1 25013
+1 25013
-2 25013
+2 25013
-2 25013
+2 325169
+2 25013
-2 25013
+4 25013
+2 25013
-3 25013
-1 25013
+4 175091
+2 25013
-1 25013
+1 200104
+1 50026
+3 100053
-6 175091

fn=(468) _IO_sputbackc
673 625259
+3 625259
-3 625259
+3 1250518
+1 2501036
+9 625259
+3 1250518
-10 1875777

fn=(548) _IO_default_xsputn
425 6
-3 30
+8 200
+25 335
cfi=(94)
cfn=(544) _IO_file_overflow@@GLIBC_2.2.5
calls=47 808 
* 1551
* 94
+2 47
-2 94
+4 3
+1 3
-1 3
+1 15

fn=(376) _IO_old_init
586 25013
-16 25013
+1 25013
+15 25013
+5 25013
-21 25013
+2 25013
+1 25013
+1 25013
+17 25013
-16 25013
+1 25013
+1 25013
+1 25013
+1 25013
+1 25013
+2 25013
+1 25013
+1 25013
+1 25013
+6 25013
+1 100052

fn=(518) _IO_default_finish
639 100052
+2 75039
+6 75039
+3 75039
60 50026
662 100052

fn=(710)
760 8
+6 3
+11 2
+16 2
-17 2
-1 2
+1 3
-1 1
+1 1
+3 9
+10 6
+4 3
-2 3
+2 6
+7 3
-27 6
+31 2
+2 2
+4 9
-38 1
-6 1
+5 1
+2 2
+6 12

fn=(374) _IO_no_init
599 225117
+1 25013
cfn=(376)
calls=25013 -14 
* 625325
+3 25013
-2 25013
+2 25013
+2 1
+1 1
+1 1
+1 1
+1 1
+1 1
+1 1
+1 1
+1 1
+1 1
+1 1
+1 1
+2 1
+7 1
+1 6
-1 25012
+1 150072
-3 50024

fn=(408)
348 25157
+2 75471
+6 150942
+3 50314
+2 50314
+6 50314
+7 50314
+1 25157
-1 50314
cfn=(410)
calls=25157 +39 
* 13968825
-24 50314
+22 75471

fn=(414) _IO_doallocbuf
395 50028
-1 75042
+3 100056
+1 75042
cfi=(99) /build/glibc-Cl5G7W/glibc-2.23/libio/filedoalloc.c
cfn=(416) _IO_file_doallocate
calls=25014 95 
* 8899651
* 50028
+3 100056

fn=(454)
563 100048
cfn=(374)
calls=25012 +36 
* 1175564

fn=(422) _IO_setb
380 150081
+1 250134
+3 50027
+2 200108
-3 50027
+3 100054
+3 225120
-7 25013
cob=(2)
cfi=(16)
cfn=(508)
calls=25013 0 
* 3326875
* 125065

fn=(550)
230 6408234
+2 6408234
cfi=(94)
cfn=(544)
calls=2136078 808 
* 73017291

fn=(424) _IO_switch_to_get_mode
176 50314
-1 50314
+1 25157
+3 75471
+5 25157
-1 50314
+1 25157
+7 25157
-4 25157
+2 50314
+2 25157
+1 25157
+1 50314

fl=(70)
fn=(262)
31 2
-1 3
+1 4
+2 3
cfi=(71) /build/glibc-Cl5G7W/glibc-2.23/string/../sysdeps/x86_64/strrchr.S
cfn=(264) rindex
calls=1 -9 
* 24
+4 5
+1 3
+2 4

fl=(102)
fn=(434)
61 150010
+2 150010
+2 150010
+3 124998
+1 124998
+2 12561
+1 12561
+2 12561
+1 12561
+5 12561
+1 12561
-1 112437
+1 112437
+2 13459
+1 13459
+2 13459
+1 26918
+5 13459
+1 13459
-1 111539
+1 111539
+2 12779
+1 12779
+2 12779
+1 12779
+5 12779
+1 12779
-1 112219
+1 112219
+2 12338
+1 12338
+2 12338
+1 12338
+5 12338
+1 12338
-1 112660
+1 237469
+5 124809
+1 124809
+1 124809
+1 124809
+2 124809
+2 124809
+1 124809
+2 124809
+8 124998
+8 25012
+6 25012
+2 25012
+1 25012
+26 25012
+1 25012
+3 25012
+1 25012
+1 25012
+5 100048
+2 100048
+1 100048
+1 100048
+1 100048
+2 100048
+1 100048
+1 100048
+1 100048
+2 100048
+1 100048
+2 100048
+2 100048
+2 100048
+1 100048
+1 100048
+1 100048
+2 100048
+1 100048
+1 100048
+1 100048
+2 100048
+1 100048
+2 150072
+5 25012
+6 25012
+1 25012
+2 25012

fl=(118)
fn=(522)
55 87451
+6 12493
-6 12493
+6 12493
201 112437

fl=(100) /build/glibc-Cl5G7W/glibc-2.23/io/../sysdeps/unix/sysv/linux/wordsize-64/fxstat.c
fn=(420) _fxstat
34 2
-1 2
+1 2
+1 12
+4 2

fl=(121)
fn=(564)
28 6775768
+4 258903
+1 517806
-1 1294515
+1 776709
cfi=(122) /build/glibc-Cl5G7W/glibc-2.23/stdio-common/vfprintf.c
cfn=(566) vfprintf
calls=258903 1236 
* 491321610
-1 329165
+1 658330
-1 1645825
+1 987495
cfi=(122)
cfn=(566)
calls=329165 1236 
* 82044126
+4 1176136

fl=(135)
fn=(604)
25 25011
+2 25011
-2 25011
+2 425187
+1 75033
fi=(103)
866 50022
+1 200088
fe=(135)
31 75033
-3 50022
cfi=(93)
cfn=(550)
calls=25011 230 
* 3501540
* 50022

fl=(96) /build/glibc-Cl5G7W/glibc-2.23/string/../string/strstr.c
fn=(390) __GI_strstr
53 7
+10 3
+2 2
+1 1
+23 8
-26 1
-5 2

fl=(104)
fn=(506)
138 25012
+3 25012
-3 25012
+3 50024
+2 50024
cob=(2)
cfi=(16)
cfn=(508)
calls=25012 0 
* 2526212
+3 75036

fn=(442)
151 125060
+5 25012
-5 50024
+5 25012
-5 50024
+5 25012
cfi=(85)
cfn=(448)
calls=25011 3172 
* 3701721
cob=(1)
cfi=(77)
cfn=(301)
calls=1 -92 
* 890
* 25016
+1 75036
+3 100048
+2 25012
+12 100048
+10 25012
-3 25012
+3 50024
+3 50024
+14 25012
-2 25012
+2 25012
+7 50024
+7 275132
cfi=(105)
cfn=(450)
calls=25012 -40 
* 14456592
+1 75036
+9 175084
-23 25012
+2 50024

fn=(466)
48 150072
+3 150072
+4 25012
-1 50024
+4 75036
cfi=(102)
cfn=(434)
calls=25012 +3 
* 2851368
+2 25012
+3 125060
-10 100048

fl=(94)
fn=(546) _IO_do_write@@GLIBC_2.2.5
494 127824
+1 1
-3 340856
+11 85214
+7 170428
+8 213035
cfn=(552) _IO_file_write@@GLIBC_2.2.5
calls=42607 1258 
* 1874708
* 42607
+1 213035
+6 42607
-4 42607
+4 42607
-4 127821
+1 85214
+3 42607
-2 42607
-29 170428
+1 255642
+29 85214

fn=(500) _IO_file_close_it@@GLIBC_2.2.5
160 75039
-2 50026
+9 25013
-9 25013
+5 125065
+6 25013
+3 25013
-3 25013
cfi=(93)
cfn=(502)
calls=25013 1049 
* 175091
+3 50026
+4 75039
+9 125065
cfi=(93)
cfn=(422)
calls=25013 380 
* 4052252
+1 50026
+3 25013
-3 25013
+1 75039
+2 25013
cfi=(93)
cfn=(498)
calls=25013 60 
* 75039
+5 50026
-4 25013
+1 25013
+1 25013
+2 25013
+1 100052
-23 75039
cfn=(524) _IO_file_close
calls=1 1250 
* 6
cfi=(105)
cfn=(504)
calls=25012 -78 
* 2951416
* 50026

fn=(716)
868 1
+5 1
-5 1
+5 3
+2 1
+1 2
+17 2
+4 2

fn=(524)
1250 5
+1 1

fn=(542)
1287 932209
-1 1864418
-6 6570680
+13 2628272
+17 4
+4 657067
+5 2628268
cfi=(125)
cfn=(572)
calls=657067 61 
* 12275451
* 657067
+6 657067
-1 657067
+1 1314134
+2 1314134
+27 1314136
+1 5531685
-24 5
cfn=(544)
calls=1 808 
* 1095906
* 2
+6 35182
+1 52773
+2 52773
+11 35182
+1 12
cfi=(93)
cfn=(548)
calls=3 425 
* 2381
* 6
-57 1971201
+1 1314134
+3 1971201
+2 4929551
-2 4518416
+39 70364
-35 17590
+11 87950
+17 70360
cfn=(544)
calls=17590 808 
* 2040440
* 35180

fn=(412)
539 75471
+6 75471
-14 100628
+17 50314
+13 50314
+20 50314
cfi=(93)
cfn=(424)
calls=25157 176 
* 503140
+6 25157
+5 100628
-5 50314
+1 25157
+2 25157
-1 50314
+3 25157
cfi=(105)
cfn=(464)
calls=25012 47 
* 3726788
cfn=(426) _IO_file_read
calls=145 1216 
* 1595
+2 50314
+16 25156
-9 25156
+9 50312
+2 50312
+1 100624
-16 1
-1 1
+1 2
+10 1
+6 1
-5 1
+5 3
-62 75039
+5 50026
cfi=(93)
cfn=(414)
calls=25013 395 
* 8254051
* 50026

fn=(418) _IO_file_stat
1229 2
+1 6
cfi=(100)
cfn=(420)
calls=2 34 
* 20

fn=(544)
808 6461148
+7 2153716
-8 10768580
+8 10768576
+35 4307432
+3 4272250
+3 6408375
+1 6408375
+1 8544500
+4 2136125
+1 8544500
-45 2
+12 2
+9 4
+8 1
-4 1
+3 2
-2 2
-3 1
+1 2
+5 1
-1 1
+1 3
+1 2
+12 25017
-1 100068
cfn=(546)
calls=25017 494 
* 2351598
* 50034
-8 35182
+12 52773
-12 17591
cfn=(546)
calls=17591 494 
* 1653464
-31 2
cfi=(93)
cfn=(414)
calls=1 395 
* 1095852
+1 6

fn=(516) _IO_file_finish@@GLIBC_2.2.5
200 25013
+1 25013
-1 25013
+1 25013
+6 50026
+1 25013
-1 25013
cfi=(93)
cfn=(518)
calls=25013 639 
* 475247

fn=(552)
1258 42607
-2 255642
+2 170428
+4 85214
+1 85214
+10 127821
+3 255642
-13 170428
cfi=(95)
cfn=(554)
calls=42607 84 
* 298249
+1 85214
+5 42607
+1 42607
-12 213035

fn=(712)
450 2
+1 1
cfi=(93)
cfn=(714)
calls=1 +71 
* 51
* 2
+4 2
-1 2
+2 3
+2 1
+1 2

fn=(382) _IO_file_fopen@@GLIBC_2.2.5
249 7
+11 2
+2 3
+25 12
+41 6
cfn=(384) _IO_file_open
calls=1 214 
* 45
+3 1
-3 1
+3 1
+17 3
cfi=(96)
cfn=(390)
calls=1 53 
* 24
+1 1
-1 1
+1 1
-83 1
-1 1
-15 2
425 1
-76 1
+76 7

fn=(378)
144 50026
+4 25013
-4 50026
+5 25013
-1 25013
+3 25013
cfi=(93)
cfn=(380)
calls=25013 -53 
* 2026053
+1 25013
+1 100052

fn=(384)
214 6
+3 2
+8 2
+3 2
+3 1
-3 1
-1 1
+1 2
+3 1
-3 1
+3 1
+10 2
cfi=(93)
cfn=(380)
calls=1 98 
* 4
+1 1
+1 4
-22 4
cfi=(95)
cfn=(386)
calls=1 84 
* 7
* 3

fn=(426)
1216 580
cfi=(95)
cfn=(428)
calls=145 84 
* 1015

fl=(49)
fn=(184)
27 8
+4 8
-3 8

fl=(53)
fn=(198)
0 18

fl=(122)
fn=(566)
1236 4704544
+31 1764204
+8 1764204
+4 2940340
+11 2940340
+11 588068
fi=(147) /build/glibc-Cl5G7W/glibc-2.23/stdio-common/printf-parse.h
108 1764204
fe=(122)
1316 588068
-15 2940340
fi=(147)
108 588068
cfi=(123)
cfn=(568)
calls=588068 -84 
* 12361648
fe=(122)
1316 588068
fi=(147)
108 588068
fe=(122)
1312 588068
+4 1176136
+4 4704544
cfi=(94)
cfn=(542)
calls=588068 -33 
* 30366838
* 2352272
1685 2940340
+3 588068
+1 4704544
1275 1176136
+41 3528408
+1 8232952
1685 2940340
+1 1176136
1320 1176136
+4 588068
-4 588068
+4 1176136
+4 3512724
1552 585454
-21 585454
1632 585454
-1 585454
1370 4522785
-7 301519
-1 301519
-3 301519
-1 301519
+8 301519
+4 301519
-3 301519
-10 301519
-1 301519
-1 301519
-1 301519
-1 301519
+14 301519
-15 301519
-1 301519
-1 301519
-1 301519
+18 603038
1649 301519
+2 603038
+8 301519
fi=(147)
108 603038
fe=(122)
1659 301519
fi=(147)
108 301519
fe=(122)
1659 301519
fi=(147)
108 603038
cfi=(123)
cfn=(568)
calls=301519 -84 
* 6030380
fe=(122)
1663 301519
-4 301519
+4 3316709
cfi=(94)
cfn=(542)
calls=301519 1287 
* 22769586
* 3919747
+2 895765
-61 4142448
-1 258903
+1 517806
+27 2444688
cfi=(94)
cfn=(542)
calls=42616 1287 
* 3068352
* 426160
+1 85232
-1 511392
cfi=(124)
cfn=(570)
calls=42616 168 
* 937552
* 15429242
cfi=(126)
cfn=(578)
calls=258903 1257 
* 380766621
* 5695866

fl=(87)
fn=(350)
258 6
+13 1
-8 1
+8 1
+6 3
+2 5
+16 2
-56 64
-18 195
+2 128
+1 2
+1 2
340 2
+6 2
+1 2
+2 1
+1 7
-78 5
cfi=(88)
cfn=(352)
calls=1 126 
* 57806
* 2
+1 4

fl=(91)
fn=(370)
34 40
+8 40
-8 120
+8 237
+4 80
+4 234
+12 5
-19 2
cfi=(92) /build/glibc-Cl5G7W/glibc-2.23/misc/../sysdeps/unix/sysv/linux/x86_64/brk.c
cfn=(372) brk
calls=1 -12 
* 12
* 4
+15 78
cfi=(92)
cfn=(372)
calls=39 -27 
* 468
* 78
+4 195

fl=(97)
fn=(402)
37 25013
-5 75039
+5 25013
+2 125065
+8 425221
+4 25013
+1 25013
+1 25013
-1 25013
+1 100052
-2 25013
+2 50026
cfi=(98)
cfn=(404)
calls=25013 -19 
* 3276571
+3 75039
+8 1
-6 1
+6 1
fi=(103)
866 2
fe=(97)
56 50024
+5 50024
+3 50024
fi=(103)
866 50024
+1 200104
fe=(97)
67 125065

fl=(134)
fn=(598)
46 2868264
+3 717066
+13 358533
+1 358533
-16 358533
+18 717066
+6 717066
+1 756242
+1 19588
-1 39176
+1 39176
-1 39176
+4 717066
+3 358533
234 358533
81 358533
234 2509731
67 49924
+1 99848

fl=(139)
fn=(648)
104 1
-1 1
+1 2
cfn=(650) __run_exit_handlers
calls=1 -69 
* 1151

fn=(650)
35 8
+5 1
cfi=(140) /build/glibc-Cl5G7W/glibc-2.23/stdlib/cxa_thread_atexit_impl.c
cfn=(652) __call_tls_dtors
calls=1 145 
* 11
* 1
+6 8
+4 6
+3 1
-1 1
+2 5
+33 1
+1 1
-1 1
+1 1
+6 2
+1 5
cfi=(93)
cfn=(708)
calls=1 948 
* 248
* 3
+2 2
cfi=(144)
cfn=(718)
calls=1 -70 
* 5
-19 1
+4 1
-4 1
+2 1
+2 1
-2 2
+2 1
cob=(1)
cfi=(141)
cfn=(654)
calls=1 +48 
* 831
+1 1

fl=(110)
fn=(474)
66 534021
+1 534021
+1 534021
+1 534021
+1 534021
+1 534021
+1 534021
+2 534021
+2 534021
+30 534021
+1 534021
+1 534021
+1 534021
+1 534021
+1 534021
+1 534021

fl=(107) /build/glibc-Cl5G7W/glibc-2.23/stdio-common/vfscanf.c
fn=(462) _IO_vfscanf
279 3001240
+11 300124
-11 600248
+11 600248
+1 300124
fi=(115) /build/glibc-Cl5G7W/glibc-2.23/stdio-common/../include/scratch_buffer.h
79 300124
fe=(107)
291 300124
fi=(115)
78 1200496
fe=(107)
341 1800744
+6 900372
+3 1500620
+4 300124
+20 300124
-20 300124
+20 300124
-13 600248
+6 300124
+2 900372
+5 300124
-5 300124
+5 1800744
2671 300124
315 300124
-30 300124
-1 600248
+95 300124
2671 300124
2215 600248
334 600248
-4 300124
-1 300124
-1 600248
-1 300124
-32 300124
-12 300124
2215 300124
383 2476011
+37 1725708
+23 575236
+1 575236
-1 575236
+1 575236
+3 1375560
+7 2476008
+8 550224
+8 825336
+2 75033
+1 50022
-1 25011
cfi=(93)
cfn=(468)
calls=25011 673 
* 375165
* 25011
3024 2400992
fi=(115)
86 1500620
fe=(107)
3027 900372
+3 600248
+17 1200496
+6 2701116
449 1050426
347 600248
+27 1800744
+92 300124
223 300124
+1 600248
489 1200496
-6 900372
+24 600248
+21 300124
+7 300124
-7 900372
+10 3001240
+80 600248
+5 600248
-1 300124
+1 300124
+1 1200496
+3 300124
+1 1200496
-1 600248
+1 300124
-1 300124
+1 1500620
+6 1875780
+3 600248
-3 600248
+3 950396
-3 50024
+3 75036
-3 650272
+3 300124
+1 600248
+1 1500620
-1 300124
+1 1200496
+4 300124
-4 600248
cfi=(93)
cfn=(468)
calls=300124 +34 
* 4501860
+4 2400992
-19 900372
-73 1200496
+8 600248
+75 50024
cfi=(93)
cfn=(408)
calls=25012 348 
* 14606832
* 50024
+2 600248
1374 500202
507 2701116
288 250101
3014 1250505
2458 825336
1918 2400992
+1 900372
+8 900372
+13 1800744
+21 600248
+64 1500620
261 37479
+3 37479
2028 87451
+2 49972
+1 112437
-7 24986
+22 12493
+16 37479
+66 12493
-66 37479
fi=(115)
114 37479
fe=(107)
2128 49972
-66 862893
+66 287631
-66 862893
fi=(115)
114 862893
fe=(107)
2128 1150524
261 602170
+3 903255
2166 2709765
+4 301085
-4 301085
+4 1204340
2051 602170
2170 300124
2051 600248
+6 1803627
+5 600248
+33 600248
+4 300124
-4 300124
+2 600248
+2 1200496
+11 600248
+56 300124
+7 600248
+8 1500620
2418 300124
-10 300124
+10 1265870
261 550224
+3 825336
2426 550224
+6 275112
+2 275112
-2 275112
+7 275112
+2 825336
-2 275112
+2 275112
-2 275112
+2 275112
cfi=(108) /build/glibc-Cl5G7W/glibc-2.23/stdlib/strtod.c
cfn=(470) __strtod_internal
calls=275112 51 
* 100926228
+2 1925784
+1 3851568
+10 550224
639 300124
+4 600248
2062 900372
+48 300124
+37 600248
-77 600248
+1 1650672
264 300124
1937 600248
2128 900372
250 287631
2024 287631
1924 862893
262 50024
2421 50024
2099 600248
+60 1800744
cfi=(93)
cfn=(468)
calls=300124 673 
* 4501860
* 300124
288 900372

fl=(138)
fn=(632)
84 8
+1 2

fl=(71)
fn=(264)
24 1
+1 1
+1 1
+1 1
+1 1
+1 1
+1 1
+1 1
+1 1
+1 1
+1 1
+1 1
+1 1
+1 1
+1 1
+1 1
+1 1
+1 1
+1 1
+1 1
+1 1
+1 1
+1 1
+1 1

fl=(140)
fn=(652)
145 3
+1 4
+18 4

fl=(92)
fn=(372)
31 320
+8 40
-6 80
+7 40

fl=(84)
fn=(392) __fopen_maybe_mmap
41 1
-2 1
+2 1
+15 1

fn=(340) __fopen_internal
61 6
+8 1
-8 2
+8 1
cob=(2)
cfi=(16)
cfn=(342)
calls=1 -69 
* 59340
+2 3
+3 1
+3 4
-3 1
+3 2
cfi=(93)
cfn=(374)
calls=1 599 
* 58
+4 1
+1 1
-1 1
+1 1
cfi=(94)
cfn=(378)
calls=1 +62 
* 94
+4 5
cfi=(94)
cfn=(382)
calls=1 249 
* 121
* 1
+1 1
-1 1
+6 5
-5 1
cfn=(392)
calls=1 -46 
* 4

fn=(338)
97 2
cfn=(340)
calls=1 -36 
* 59656

fl=(99)
fn=(416)
95 125070
+15 75048
cfi=(94)
cfn=(418)
calls=2 1229 
* 28
* 4
+2 8
+11 6
-14 25012
+18 50024
cob=(2)
cfi=(16)
cfn=(342)
calls=25012 0 
* 6728052
* 4
cob=(2)
cfi=(16)
cfn=(342)
calls=2 0 
* 1095935
* 25014
+2 25014
-1 50028
+2 100056
cfi=(93)
cfn=(422)
calls=25014 380 
* 450252
+1 25014
+1 125070
-15 1
-2 9
+5 2

fl=(108)
fn=(470)
51 825336
cfi=(109)
cfn=(472)
calls=275112 481 
* 100100892

fl=(129)
fn=(588)
32 1782203
+3 1782203
+1 1782203
+1 1782203
+1 1782203
+1 1782203
+2 1782203
+1 1782203
+2 1782203
+1 1782203
+1 1782203
+1 1782203
+1 1782203
+2 1782203
+1 1782203
+1 1782203
+1 1782203
+69 1782203
+2 1782203
+3 1782203

fl=(117)
fn=(496)
39 75039
+14 25013
-14 25013
+14 50026
+9 100052
cfi=(94)
cfn=(516)
calls=25013 200 
* 675351
+1 75039
+18 150078
+3 50026
cob=(2)
cfi=(16)
cfn=(508)
calls=25013 -84 
* 3751927
+4 125065
-34 25013
cfi=(93)
cfn=(498)
calls=25013 +6 
* 2201144
+2 475247
+1 50026
+1 50026
cfi=(94)
cfn=(500)
calls=25013 160 
* 8454428
* 75039
fi=(103)
866 50026
+1 225117
fe=(117)
78 50026

fl=(106)
fn=(460)
26 3001240
+4 4501860
+3 300124
-2 300124
+3 1200496
-1 1500620
+1 300124
cfi=(107)
cfn=(462)
calls=300124 279 
* 261657386
fi=(116) /build/glibc-Cl5G7W/glibc-2.23/stdio-common/../libio/libioP.h
875 300124
+1 300124
fe=(106)
34 300124
fi=(116)
876 300124
+1 2400992
fe=(106)
39 1200496

fl=(101)
fn=(432)
25 25142
+1 25142
+2 25142
+1 25142
+1 25142
+1 25142
+2 25142
+1 25142
+2 25142
+1 25142
+2 19279
+1 19279
+1 19279
+1 19279
+2 19279
+1 19180
+1 19180
+1 19078
+1 19078
+1 19078
+1 19078
+1 19078
+1 19078
+1 18784
+4 5863
+1 5863
+1 5863
+2 5863
+2 5863
+2 5863
+1 5863
+1 5863
+2 1
+2 1
+1 1
+1 1
+1 1
+1 1
+4 5862
+1 5862
+1 5862
+1 5862
+1 5862
+1 11634
+4 5772
+1 5772
+1 5772
+1 5772
+1 5772
-4 18784
+1 18784
+1 18784
+1 18784
+1 18784
+2 10081
+1 10081
+1 10081
+1 10081
+1 10081
199 384
+1 384
+2 194
+1 194
+1 194
+1 194
+1 194
+2 72
+1 72
+1 72
+1 72
+1 72
+19 190
+1 190
+1 190
+1 190
+1 190
+1 190
+1 82
+1 82
+2 48
+1 48
+1 48
+1 48
+12 14597
+1 14597
+1 14597
+4 10153
+1 10153
+1 10153
+10 207
+1 207
+1 207
+1 207
+1 207
+4 48
+1 48
+1 48
+1 48
+1 48
+20 136
+1 136

fl=(125)
fn=(572)
61 915970
+4 915970
+3 915970
+1 915970
+2 611836
+1 611836
+2 611836
+1 611836
+5 611836
+1 611836
-1 304134
+1 304134
+2 304134
+1 304134
+2 304134
+1 304134
+5 304134
+1 304134
-1 611836
+1 611836
+2 33804
+1 33804
+2 33804
+1 33804
+5 33804
+1 33804
-1 882166
+1 882166
+2 17586
+1 17586
+2 17586
+1 35172
+5 17586
+1 17586
-1 898384
+1 923395
+5 25011
+1 25011
+1 25011
+1 25011
+2 25011
+2 25011
+1 25011
+2 25011
+6 915970
+4 915970

totals: 605108709205
