version: 1
creator: callgrind-3.11.0
pid: 2624
cmd:  ./a.out data/cars-train.data
part: 1


desc: I1 cache: 
desc: D1 cache: 
desc: LL cache: 

desc: Timerange: Basic block 0 - 100587974
desc: Trigger: Program termination

positions: line
events: Ir
summary: 1217831356


ob=(4) /lib/x86_64-linux-gnu/libm-2.23.so
fl=(54) /build/glibc-Cl5G7W/glibc-2.23/math/../sysdeps/x86_64/fpu/multiarch/e_exp.c
fn=(202) __exp_finite
9 8

fl=(57) /build/glibc-Cl5G7W/glibc-2.23/math/../sysdeps/x86_64/fpu/multiarch/s_ceilf.S
fn=(208) ceilf
25 1
+1 1
+1 1
+1 1
+2 1

fl=(64) /build/glibc-Cl5G7W/glibc-2.23/math/../sysdeps/x86_64/fpu/multiarch/s_floor.S
fn=(222) floor
25 1
+1 1
+1 1
+1 1
+2 1

fl=(137) /build/glibc-Cl5G7W/glibc-2.23/math/w_log2.c
fn=(628) log2
28 632772
+14 210924
cfi=(138) /build/glibc-Cl5G7W/glibc-2.23/math/../sysdeps/ieee754/dbl-64/wordsize-64/e_log2.c
cfn=(630) __log2_finite
calls=210924 +39 
* 13993184

fl=(60) ???
fn=(214) __log_finite
0 8

fn=(228) sin
0 8

fn=(282) 0x00000000000056d0
0 17

fn=(226) __atan2_finite
0 8

fn=(700) 0x0000000000005600
0 9

fn=(690) 0x0000000000005690
0 8
cob=(2) ???
cfi=(16) ???
cfn=(696) 0x0000000004c2f5f8
calls=1 0 
0 57
0 1
cfn=(700)
calls=1 0 
0 9
0 3

fl=(59) /build/glibc-Cl5G7W/glibc-2.23/math/../sysdeps/x86_64/fpu/multiarch/e_pow.c
fn=(212) __pow_finite
8 5

fl=(56) /build/glibc-Cl5G7W/glibc-2.23/math/../sysdeps/x86_64/fpu/multiarch/s_rint.S
fn=(206) rint
25 1
+1 1
+1 1
+1 1
+2 1

fl=(63) /build/glibc-Cl5G7W/glibc-2.23/math/../sysdeps/x86_64/fpu/multiarch/s_floorf.S
fn=(220) floorf
25 1
+1 1
+1 1
+1 1
+2 1

fl=(62) /build/glibc-Cl5G7W/glibc-2.23/math/../sysdeps/x86_64/fpu/multiarch/e_asin.c
fn=(224) __asin_finite
16 5

fn=(218) __acos_finite
10 5

fl=(138)
fn=(630)
81 210924
-3 210924
+3 210924
-3 210924
+3 210924
+8 210924
+2 632772
+3 421848
+1 210924
-1 210924
+5 210924
-4 421848
+4 421848
-4 210924
+2 421848
+2 421848
-2 210924
+2 210924
+2 210924
-4 210924
+4 210924
-1 210924
+1 421848
+2 34912
+1 17456
-1 17456
+5 193468
+2 193468
-2 193468
+9 193468
-9 193468
+8 193468
-6 193468
+7 386936
-9 193468
+1 386936
+2 386936
+5 2708552
+1 193468
+2 23214
+1 61904
+4 1485840
+2 203186

fl=(58) /build/glibc-Cl5G7W/glibc-2.23/math/../sysdeps/x86_64/fpu/multiarch/s_ceil.S
fn=(210) ceil
25 1
+1 1
+1 1
+1 1
+2 1

fl=(55) /build/glibc-Cl5G7W/glibc-2.23/math/../sysdeps/x86_64/fpu/multiarch/s_sin.c
fn=(204) cos
12 8

fl=(61) /build/glibc-Cl5G7W/glibc-2.23/math/../sysdeps/x86_64/fpu/multiarch/s_rintf.S
fn=(216) rintf
25 1
+1 1
+1 1
+1 1
+2 1

ob=(3) /lib/x86_64-linux-gnu/libc-2.23.so
fl=(53) ???
fn=(198) memcpy@GLIBC_2.2.5
0 18

fl=(81) /build/glibc-Cl5G7W/glibc-2.23/setjmp/../sysdeps/x86_64/bsd-_setjmp.S
fn=(326) _setjmp
30 1
+2 1
cfi=(82) /build/glibc-Cl5G7W/glibc-2.23/setjmp/../sysdeps/x86_64/setjmp.S
cfn=(328) __sigsetjmp
calls=1 -6 
* 28

fl=(90) /build/glibc-Cl5G7W/glibc-2.23/malloc/morecore.c
fn=(368) __default_morecore
46 4
+1 4
cfi=(91) /build/glibc-Cl5G7W/glibc-2.23/misc/sbrk.c
cfn=(370) sbrk
calls=4 -13 
* 153
+1 12
+4 8

fl=(97) /build/glibc-Cl5G7W/glibc-2.23/libio/iofgets.c
fn=(402) fgets
37 1730
-5 5190
+5 1730
+2 8650
+8 29410
+4 1730
+1 1730
+1 1730
-1 1730
+1 6920
-2 1730
+2 3460
cfi=(98) /build/glibc-Cl5G7W/glibc-2.23/libio/iogetline.c
cfn=(404) _IO_getline
calls=1730 -19 
* 198541
+3 5190
+8 1
-6 1
+6 1
fi=(103) /build/glibc-Cl5G7W/glibc-2.23/libio/libioP.h
866 2
fe=(97)
56 3458
+5 3458
+3 3458
fi=(103)
866 3458
+1 13840
fe=(97)
67 8650

fl=(82)
fn=(328)
26 1
+9 1
+1 2
+1 1
+4 1
+1 1
+1 1
+1 1
+1 1
+2 2
+2 1
+1 1
+1 1
+2 2
+2 1
+9 1
cfi=(83) /build/glibc-Cl5G7W/glibc-2.23/setjmp/sigjmp.c
cfn=(330) __sigjmp_save
calls=1 -36 
* 9

fl=(71) /build/glibc-Cl5G7W/glibc-2.23/string/../sysdeps/x86_64/strrchr.S
fn=(264) rindex
24 1
+1 1
+1 1
+1 1
+1 1
+1 1
+1 1
+1 1
+1 1
+1 1
+1 1
+1 1
+1 1
+1 1
+1 1
+1 1
+1 1
+1 1
+1 1
+1 1
+1 1
+1 1
+1 1
+1 1

fl=(133) /build/glibc-Cl5G7W/glibc-2.23/stdlib/../sysdeps/x86_64/add_n.S
fn=(602) __mpn_add_n
36 2
+1 2
+1 2
+2 2
+1 2
+1 2
+1 2
+1 2
+1 2
+1 2
+1 2
+1 2
+1 2
+1 2
+14 2
+1 2
+1 2
+1 2
+2 2
+1 2
+1 2
+1 2
+1 2
+4 6
+1 6
+1 6
+1 6
+2 6
+1 6
+1 6
+1 6
+2 6
+1 6
+1 6
+1 6
+2 6
+1 6
+1 6
+1 6
+2 6
+1 4
+1 4
-7 2
+1 2
+1 2
+1 2
+2 2
+1 2
+1 2

fl=(99) /build/glibc-Cl5G7W/glibc-2.23/libio/filedoalloc.c
fn=(416) _IO_file_doallocate
95 8655
+15 5199
cfi=(94) /build/glibc-Cl5G7W/glibc-2.23/libio/fileops.c
cfn=(418) _IO_file_stat
calls=2 1229 
* 28
* 4
+2 8
+11 6
-14 1729
+18 3458
cob=(2)
cfi=(16)
cfn=(342) 0x0000000004f528a0
calls=1729 0 
* 464925
* 4
cob=(2)
cfi=(16)
cfn=(342)
calls=2 0 
* 114677
* 1731
+2 1731
-1 3462
+2 6924
cfi=(93) /build/glibc-Cl5G7W/glibc-2.23/libio/genops.c
cfn=(422) _IO_setb
calls=1731 380 
* 31158
+1 1731
+1 8655
-15 1
-2 9
+5 2

fl=(124) /build/glibc-Cl5G7W/glibc-2.23/string/../sysdeps/x86_64/memcpy.S
fn=(570) __GI_mempcpy
61 28007
+4 28007
+3 28007
+1 28007
+2 24803
+1 24803
+2 24803
+1 24803
+5 24803
+1 24803
-1 3204
+1 3204
+2 3204
+1 3204
+2 3204
+1 3204
+5 3204
+1 3204
-1 24803
+1 24803
+2 1812
+1 1812
+2 1812
+1 1812
+5 1812
+1 1812
-1 26195
+1 26195
+2 168
+1 168
+2 168
+1 336
+5 168
+1 168
-1 27839
+1 29567
+5 1728
+1 1728
+1 1728
+1 1728
+2 1728
+2 1728
+1 1728
+2 1728
+6 28007
+4 28007

fl=(122) /build/glibc-Cl5G7W/glibc-2.23/string/../sysdeps/x86_64/strchr.S
fn=(566) strchrnul
24 27751
+1 27751
+1 27751
+1 27751
+1 27751
+1 27751
+1 27751
+1 27751
+1 27751
+1 27751
+1 27751
+1 27751
+1 27751
+1 27751
+1 27751
+1 27751
+1 27751
+1 26022
+2 26022
+7 26022
+4 1729
+1 1729
+1 1729
+1 1729
+1 1729
+1 1729
+1 1729
+1 1729
+1 1729
+1 1729
+1 1729
+1 1729
+1 1729
+1 1729
+1 1729
+1 1729
+1 1729
+1 1729
+1 1729
+1 1729
+1 1729
+1 1729
+1 1729
+1 1729
+52 1729
+2 1729
+7 1729

fl=(127) /build/glibc-Cl5G7W/glibc-2.23/stdlib/../sysdeps/ieee754/dbl-64/dbl2mpn.c
fn=(582) __mpn_extract_double
37 10452
-4 10452
+4 20904
+1 10452
+9 20904
+9 10452
-18 31356
+18 10452
-18 10452
+9 10452
+9 10452
+4 4078
+11 2
+10 2
-10 2
+1 2
+9 2
-2 4
+2 2
+26 4
-4 16826
+4 8413
-4 8413
+4 8413
-45 2037
+45 4074

fl=(83)
fn=(330)
28 1
+1 1
-1 2
+1 2
+5 3

fl=(136) /build/glibc-Cl5G7W/glibc-2.23/string/../sysdeps/x86_64/multiarch/../memset.S
fn=(608) __GI_memset
53 2
+1 2
+1 2
+1 2
+1 2
+2 2
+1 2
+8 1
+9 2
+1 2
+1 2
+1 2
+1 2
+1 2
+1 2
+1 2
+1 2
+1 2
+1 2
+1 2
+1 2
+1 3
+3 1
+1 1
+1 1
+1 1
+1 1
+1 1
+1 1
+1 1

fl=(95) /build/glibc-Cl5G7W/glibc-2.23/io/../sysdeps/unix/syscall-template.S
fn=(386) open
84 2
cfn=(388) __open_nocancel
calls=1 * 
* 5

fn=(430) __read_nocancel
84 35

fn=(552) write
84 3812
cfn=(554) __write_nocancel
calls=1906 * 
* 9530

fn=(388)
84 5

fn=(428) read
84 14
cfn=(430)
calls=7 * 
* 35

fn=(554)
84 9530

fl=(80) /build/glibc-Cl5G7W/glibc-2.23/stdlib/cxa_atexit.c
fn=(308) __cxa_atexit
57 5
-22 1
+22 1
-22 1
cfn=(310) __new_exitfn
calls=1 +38 
* 38
+2 2
+4 1
+3 1
+1 1
-4 2
+2 1
+4 1
+1 1
+11 4

fn=(310)
73 2
+6 1
-6 1
+6 1
-6 1
+6 4
+2 6
+2 3
-2 1
+10 2
-10 2
+45 1
+1 1
+3 4
+3 5
-21 1
+1 2

fl=(125) /build/glibc-Cl5G7W/glibc-2.23/stdio-common/printf_fp.c
fn=(584) hack_digit
169 62706
+3 62710
+2 83600
+2 41800
+1 20900
-1 20900
+1 41800
-1 20900
+1 20900
cfi=(128) /build/glibc-Cl5G7W/glibc-2.23/stdlib/../sysdeps/x86_64/mul_1.S
cfn=(586) __mpn_mul_1
calls=20900 32 
* 418000
* 20900
+32 125400
-37 12
+37 10

fn=(578) __printf_fp_l
215 104520
+39 10452
-39 10452
+30 10452
+16 10452
-7 31356
+10 10452
-10 20904
+10 10452
fi=(126) /build/glibc-Cl5G7W/glibc-2.23/stdio-common/../include/../locale/localeinfo.h
+42 31356
fe=(125)
-39 20904
+18 31356
+33 10452
-2 20904
+16 10452
+2 10452
-2 10452
+46 10452
+3 20904
+14 41808
+16 83616
cfi=(127)
cfn=(582)
calls=10452 37 
* 209054
+4 10452
-4 10452
+4 20904
+36 10452
+12 10452
-9 94068
+1 52260
+1 20904
+1 20904
-2 10452
+1 10452
-1 10452
+2 10452
+7 10452
-8 10452
+1 10452
+7 10452
638 20904
806 41800
cfi=(111) /build/glibc-Cl5G7W/glibc-2.23/stdlib/../sysdeps/x86_64/lshift.S
cfn=(478) __mpn_lshift
calls=10450 29 
* 156750
+1 52250
+1 10450
+14 20900
-10 10450
+10 10450
-10 10450
+10 20900
+2 10450
-2 10450
+2 10450
-2 4
-10 2
+10 2
-10 2
+10 4
+2 2
-2 2
+2 2
+10 20904
+48 10452
-61 10452
+61 20904
+14 73164
+7 10452
fi=(145) /build/glibc-Cl5G7W/glibc-2.23/stdio-common/../sysdeps/pthread/allocalim.h
29 20904
fe=(125)
913 73164
+4 10452
-3 20904
+3 20908
+3 41800
-6 83600
+9 31350
cfn=(584)
calls=10450 169 
* 470250
-3 10450
+3 10450
-3 62700
+7 52250
+2 20900
-4 10450
+4 20900
+12 31350
+1 73150
+1 41800
-14 2
+12 6
+1 14
+1 250856
+1 20904
172 62712
946 62712
172 125448
+2 188100
947 62712
+1 62712
+2 125424
1250 94068
435 125424
176 125400
+1 62700
-1 62700
+1 125400
-1 62700
+1 62700
cfi=(128)
cfn=(586)
calls=62700 32 
* 1254000
* 313500
944 31356
+15 52260
+1 31356
cfn=(584)
calls=10452 169 
* 470288
+2 31356
fi=(129) /build/glibc-Cl5G7W/glibc-2.23/stdio-common/../sysdeps/generic/get-rounding-mode.h
94 10452
+1 52260
fe=(125)
1078 41808
+7 20904
+3 20904
+13 31356
+46 62712
+2 62712
+2 10452
-2 10452
+2 41808
172 84
964 31356
+3 10452
-4 10452
+4 10452
+5 10452
-1 10452
+1 125410
248 10452
1154 20904
+7 41808
+9 31356
+7 10452
+3 10452
-3 31356
+5 20904
cfi=(110) /build/glibc-Cl5G7W/glibc-2.23/string/../sysdeps/x86_64/strlen.S
cfn=(474) strlen
calls=10452 66 
* 167232
* 10452
+2 31356
+5 31356
+2 10452
-2 10452
+2 10452
-2 10452
+2 10452
+18 135876
+3 146328
+3 146328
-6 250848
+1 250848
+1 41808
cfi=(124)
cfn=(570)
calls=10452 61 
* 188136
* 10452
837 2
+2 2
-1 2
+10 2
-11 4
fi=(129)
95 20904
fi=(130) /build/glibc-Cl5G7W/glibc-2.23/stdio-common/../include/rounding-mode.h
-43 41808
fe=(125)
1156 31356
837 10452
-1 10452
+1 41808
+3 31356
+2 10450
-3 10450
-1 10450
+4 10450
+2 20900
-7 10450
+5 10450
-5 20900
646 8
cfi=(111)
cfn=(478)
calls=2 29 
* 30
+1 2
+4 2
-8 2
+28 2
-30 2
+30 2
-24 2
+4 2
-4 6
+52 2
-57 2
+8 2
+1 2
+20 2
+28 4
-43 2
+2 4
-2 17
+2 34
+7 16
+1 16
-1 24
+1 12
cfi=(132) /build/glibc-Cl5G7W/glibc-2.23/stdlib/mul.c
cfn=(600) __mpn_mul
calls=2 48 
* 429
+8 24
+1 16
+3 16
+1 16
+8 8
-8 8
-1 8
+1 8
-1 8
+1 8
-1 8
+1 8
-1 8
+1 16
+8 24
+22 21
+9 16
-1 8
+1 16
+5 24
-6 8
+6 8
+3 130
+1 6
+21 3
-14 3
+14 9
+12 5
cfi=(134) /build/glibc-Cl5G7W/glibc-2.23/stdlib/../sysdeps/x86_64/rshift.S
cfn=(604) __mpn_rshift
calls=1 29 
* 54
* 12
cfi=(134)
cfn=(604)
calls=6 29 
* 368
+3 35
+7 76
+24 6
671 30
cfi=(132)
cfn=(600)
calls=6 48 
* 1285
* 6
+5 24
+13 2
+4 2
-2 1
+2 2
+16 1
-16 1
+16 2
+1 2
935 2
+2 2
-1 2
816 2
935 2
+2 6
1239 31356
+7 20904
967 73164
1219 20904
+17 52260
-78 20904
849 6
-77 4
1236 992940
cfi=(93)
cfn=(548) __overflow
calls=83616 230 
* 3261024
* 167232
-34 62712
-45 10452
837 20904
726 2
+24 18
-23 10
+10 5
-3 10
+3 15
+6 3
cfi=(111)
cfn=(478)
calls=1 29 
* 59
+2 3
+1 1
-1 1
+1 2
1159 41808
568 10452
1185 20904

fn=(576) __printf_fp
1257 10452
-1 10452
+1 41808
cfn=(578)
calls=10452 215 
* 13893257

fl=(104) /build/glibc-Cl5G7W/glibc-2.23/libio/fmemopen.c
fn=(506) fmemopen_close
138 1729
+3 1729
-3 1729
+3 3458
+2 3458
cob=(2)
cfi=(16)
cfn=(508) 0x0000000004f528a8
calls=1729 0 
* 174629
+3 5187

fn=(442) fmemopen@@GLIBC_2.22
151 8645
+5 1729
-5 3458
+5 1729
-5 3458
+5 1729
cfi=(85) /build/glibc-Cl5G7W/glibc-2.23/malloc/malloc.c
cfn=(448) calloc
calls=1728 3172 
* 255837
cob=(1) /lib/x86_64-linux-gnu/ld-2.23.so
cfi=(77) /build/glibc-Cl5G7W/glibc-2.23/elf/../sysdeps/x86_64/dl-trampoline.h
cfn=(301) _dl_runtime_resolve_sse'2
calls=1 -92 
* 890
* 1733
+1 5187
+3 6916
+2 1729
+12 6916
+10 1729
-3 1729
+3 3458
+3 3458
+14 1729
-2 1729
+2 1729
+7 3458
+7 19019
cfi=(105) /build/glibc-Cl5G7W/glibc-2.23/libio/iofopncook.c
cfn=(450) fopencookie@@GLIBC_2.2.5
calls=1729 -40 
* 999018
+1 5187
+9 12103
-23 1729
+2 3458

fn=(466) fmemopen_read
48 10374
+3 10374
+4 1729
-1 3458
+4 5187
cfi=(102) /build/glibc-Cl5G7W/glibc-2.23/string/../sysdeps/x86_64/multiarch/../memcpy.S
cfn=(434) __GI_memcpy
calls=1729 +3 
* 197106
+2 1729
+3 8645
-10 6916

fl=(110)
fn=(474)
66 22549
+1 22549
+1 22549
+1 22549
+1 22549
+1 22549
+1 22549
+2 22549
+2 22549
+30 22549
+1 22549
+1 22549
+1 22549
+1 22549
+1 22549
+1 22549

fl=(132)
fn=(600)
48 80
+6 8
-6 24
+6 8
+13 8
-1 16
+5 8
+1 16
+9 6
cfi=(128)
cfn=(586)
calls=6 -49 
* 610
+2 8
+5 8
-5 16
+1 8
+4 24
+10 16
cfi=(135) /build/glibc-Cl5G7W/glibc-2.23/stdlib/../sysdeps/x86_64/addmul_1.S
cfn=(606) __mpn_addmul_1
calls=4 -63 
* 484
+2 6
+1 12
-13 12
+2 6
+1 12
+2 2
+1 2
+1 10
cfi=(133)
cfn=(602)
calls=2 -59 
* 170
* 2
+47 64
-68 2
+3 10
cfi=(136)
cfn=(608)
calls=2 -24 
* 52
+1 4

fl=(101) /build/glibc-Cl5G7W/glibc-2.23/string/../sysdeps/x86_64/memchr.S
fn=(432) memchr
25 1734
+1 1734
+2 1734
+1 1734
+1 1734
+1 1734
+2 1734
+1 1734
+2 1734
+1 1734
+2 1302
+1 1302
+1 1302
+1 1302
+2 1302
+1 6
+1 6
+1 1
+1 1
+1 1
+1 1
+1 1
+1 1
+1 1
+4 432
+1 432
+1 432
+2 432
+2 432
+2 432
+1 432
+1 432
+2 54
+2 54
+1 54
+1 54
+1 54
+1 54
+4 378
+1 378
+1 378
+1 378
+1 378
+1 750
+4 372
+1 372
+1 372
+1 372
+1 372
-4 1
+1 1
+1 1
+1 1
+1 1
199 6
+1 6
+2 1
+1 1
+1 1
+1 1
+1 1
+25 5
+1 5
+1 5
+1 5
+1 5
+1 5
+19 374
+1 374
+1 374
+16 1301
+1 1301
+1 1301
+1 1301
+1 1301
+28 5
+1 5

fl=(85)
fn=(344) malloc
2902 26943
+5 17962
+1 17962
+3 71840
+2 26940
cfn=(362) _int_malloc
calls=8980 3349 
* 2000057
+3 8980
-3 8980
+3 8980
+8 35920
+2 98780
+3 35920
-18 53880
-2 1
+20 3
-20 1
cfi=(86) /build/glibc-Cl5G7W/glibc-2.23/malloc/hooks.c
cfn=(346) malloc_hook_ini
calls=1 29 
* 59327

fn=(512) _int_free
3841 96381
+13 10709
-13 10709
+13 21418
+6 42836
+1 21418
+11 42836
+13 21418
+11 28736
+1 21552
1886 7184
3921 7184
1886 14368
3923 21552
+1 14368
+4 7184
-4 7184
+1 7184
+9 50288
+9 28736
+2 7184
+2 43104
4105 85672
3960 7050
+1 10575
+15 7050
+8 10575
+6 7050
+1 7050
+1 7050
1886 10575
4001 7050
+1 7
+2 7
-1 7
+2 98
+3 7050
+5 7046
+1 26160
+1 1744
+11 1744
-1 1744
+2 3488
-1 1779
-1 1779
+2 3558
+7 3523
-2 3523
+1 3523
+1 3523
+2 3471
+1 3471
+2 3471
+1 3471
+2 10413
+1 3471
+30 6942
-34 52
+1 52
+2 156
+1 52
+30 108
+1 4
+3 6
3962 17625
+8 3525
-4 3525
+4 10575
-7 7050
4093 10575
+1 10575
+1 17625
3949 28736
+68 3558
-3 5220
+61 2
cfn=(364) malloc_consolidate
calls=1 +69 
* 147
* 1
-21 2
+1 6
+1 4
-80 17625
4079 10

fn=(362)
3349 32130
-30 21420
+30 10710
-30 42840
+30 32130
-30 10710
+30 32130
+4 32130
+14 21420
+2 21552
+2 7184
-1 7184
-1 7184
+1 7184
+5 14368
+3 9040
+1 1808
-1 1808
+1 3616
+25 17804
+2 21477
+1 21477
+2 7159
-2 7159
+2 14318
+2 56
+4 27
+1 54
+5 27
+1 27
+1 27
+2 81
+23 17374
+1 3486
+1 3464
cfn=(364)
calls=1732 4144 
* 246941
3819 124250
-2 8875
+2 8875
-2 8875
+2 17750
5002 8875
3817 8875
+2 8875
5004 8875
3819 8875
5004 8875
3819 26625
5004 17750
3819 35500
5002 17750
3469 17750
+66 3714
+1 5571
+1 1857
-1 3714
+51 9285
+7 1857
-6 1857
+1 1857
+1 1857
+1 1857
+3 1857
-58 1743
+51 8715
+7 1743
-6 1743
+1 1743
+1 1743
+1 1743
+3 1743
3469 37425
+3 5387
-1 5387
+1 10774
+1 10774
+3 5387
+10 14588
+34 5337
-5 5337
+1 5337
+4 5337
+13 7200
+8 6994
+1 44
+1 11
+3 22
-4 6928
+1 1732
+3 3464
3382 9040
1879 3660
3770 3660
1879 7320
3833 96390
3541 12136
-54 3728
+1 371
+5 50
-1 50
+5 50
-3 100
+1 50
+1 100
+1 50
+6 400
+2 150
+1 50
+3 50
1879 150
3584 6972
+19 14176
+73 14174
+1 14174
+1 14174
+1 14174
+1 14174
+5 14514
+16 38795
+2 77590
-4 84886
+8 3648
+3 7296
+2 1824
+2 1824
-1 1824
-1 5472
-27 1824
+27 1824
-27 1824
+4 26223
+3 28024
-3 20946
+3 27920
-3 13960
+3 20919
3792 5263
+3 5263
-2 10526
+2 10526
+17 6
3523 1737
-1 1737
+1 3474
1879 1737
3526 1737
1879 3474
3605 48
+3 16
-3 16
+3 52
+3 2
+1 5
+6 2
+3 2
+1 1
-1 1
+1 14
+3 2
+3 1
-1 1
+1 3
3448 27
1879 12
3448 28
3692 72
+2 48
+1 48
-1 6908
+1 6908
3448 3
3692 10362
+27 3648
+3 3648
+5 1824
-3 3648
+3 1824
-3 1824
+3 27102
+3 3648
+3 10
-1 10
+1 30
+12 1814
+1 3628
-6 1814
+17 1814
-6 1814
+1 1814
+1 1814
+1 1814
+3 1814
+1 1807
+1 3628
+2 1732
+1 1732
+2 1732
+2 1732
-2 12124
+2 5196
+1 5196
-3 82
+2 82
-2 574
+2 246
+1 246
+60 9
cfn=(366) sysmalloc
calls=3 2268 
* 593
+1 6
-28 5260
-3 5260
+1 5260
+2 5260
-1 5260
+1 10520
+2 5260
-2 21040
+2 5260
+3 5260
1879 15780
3648 3
+79 20856
3622 12

fn=(510) free
2934 53545
+5 21418
+1 21418
+6 21418
+5 10709
-2 10709
+2 21418
+16 32127
+1 21418
cfn=(512)
calls=10709 3841 
* 935059
+1 64254

fn=(364)
4144 3466
-22 13856
+23 5196
+12 1732
5002 1732
4147 1732
+11 1732
-1 1732
5004 1732
-2 1732
+2 8660
4160 3464
+1 3464
-1 31176
+1 31206
+22 3
-1 3
+1 43
+4 1
+4 1
-3 1
+1 1
+2 1
-4 1744
+4 1744
-3 1744
+1 1744
+2 1744
+1 1
+1 1
+3 1
+1 1
+1 1
-2 1
+12 1
-12 1
+3 2
+9 1
-12 1744
+1 1744
+1 1744
-2 1744
+12 1744
-12 1744
+3 3488
+9 1744
-41 1745
-3 1745
+3 3490
+1 1745
+1 3490
+2 3490
+1 1
+2 1
-1 1
+2 18
+3 3490
+3 3490
+4 3484
+23 20
+3 69280
+6 13856
4996 4
1808 3
-3 2
+3 378
-3 252
+7 3
+5 1
+2 1
-2 2
-1 3

fn=(366)
2268 24
+20 3
+11 3
-11 3
+11 3
+1 15
fi=(87) /build/glibc-Cl5G7W/glibc-2.23/malloc/arena.c
488 9
fe=(85)
2315 15
+65 3
+1 9
+10 3
-9 3
+9 11
+6 12
+3 9
2723 6
+1 3
+8 12
+5 3
-3 3
+3 3
-2 3
+2 9
+1 3
-1 3
-1 3
+4 3
-3 6
+1 3
+8 27
2391 14
+72 3
-8 12
+8 3
+21 15
cfi=(90)
cfn=(368)
calls=3 46 
* 156
* 3
+1 3
+3 12
+3 6
+1 6
+20 6
+26 6
+2 6
+6 3
-6 3
+6 7
+1 10
2321 3
2464 3
+10 15
+8 3
-8 3
+8 3
+67 7
+37 2
+6 3
+19 1
+3 2
+1 5
+2 1
-2 1
+2 1
+1 3
cfi=(90)
cfn=(368)
calls=1 46 
* 25
+12 2
+8 1
+1 1
-1 2
+1 2
+39 1
+1 1
-2 1
+1 3
+12 1
-12 1
+1 1
+11 1
2539 5

fn=(448)
3172 1729
+15 1729
-15 5187
+10 1729
+5 3458
-15 1729
+10 1729
+5 3458
+8 3458
+1 3458
+12 12103
+6 1729
+8 1729
-7 3458
+7 3458
+14 5187
cfn=(362)
calls=1729 3349 
* 100464
+3 1729
-3 1729
+3 15561
+10 3458
+1 6916
+3 3458
+6 5187
+52 10374
3208 10374
+62 1729
-3 1729
+3 8649
+11 2
+1 4
+1 4
-2 1727
+1 3454
+1 3454
+2 3458
+8 1729
-3 1729
+1 1729
+1 3458
+1 1729
+4 1729
-2 1729
+1 1729
+1 1729

fl=(108) /build/glibc-Cl5G7W/glibc-2.23/stdlib/strtod.c
fn=(470) __strtod_internal
51 36273
cfi=(109) /build/glibc-Cl5G7W/glibc-2.23/stdlib/strtod_l.c
cfn=(472) ____strtod_l_internal
calls=12091 481 
* 3770255

fl=(119) /build/glibc-Cl5G7W/glibc-2.23/libio/ioputs.c
fn=(538) puts
33 24
+2 6
cfi=(110)
cfn=(474)
calls=6 +31 
* 96
+1 6
-1 6
+1 102
+3 19
+1 4
cfi=(94)
cfn=(540) _IO_file_xsputn@@GLIBC_2.2.5
calls=1 1287 
* 115075
* 20
cfi=(94)
cfn=(540)
calls=5 1287 
* 1159
* 12
+1 24
+1 24
fi=(103)
866 12
fe=(119)
38 10
fi=(103)
867 48
fe=(119)
46 30
-5 12
cfi=(93)
cfn=(548)
calls=6 230 
* 840
* 12

fl=(79) /build/glibc-Cl5G7W/glibc-2.23/csu/../csu/libc-start.c
fn=(306) (below main)
134 7
+4 1
-4 3
+4 3
+82 1
-82 1
+82 1
+1 4
cfi=(80)
cfn=(308)
calls=1 57 
* 60
+22 4
+3 2
+1 5
cob=(6) /home/zelinsky/Documents/Summer2018/c-decision-tree/a.out
cfi=(76) ???
cfn=(312) __libc_csu_init
calls=1 0 
* 56
+4 4
+15 2
+12 2
cfi=(81)
cfn=(326)
calls=1 30 
* 30
+1 2
+5 2
+1 2
+3 2
+3 6
cob=(6)
cfi=(76)
cfn=(332) main
calls=1 0 
* 1217715911
+34 2
cfi=(139) /build/glibc-Cl5G7W/glibc-2.23/stdlib/exit.c
cfn=(648) exit
calls=1 104 
* 1155
138 2

fl=(73) /build/glibc-Cl5G7W/glibc-2.23/string/../sysdeps/x86_64/cacheinfo.c
fn=(268) init_cacheinfo
482 2
+12 1
-12 3
+12 3
+2 4
cfn=(270) handle_intel
calls=1 262 
* 776
+4 2
-4 1
+4 1
cfn=(270)
calls=1 262 
* 489
+2 1
-2 1
-1 1
+3 1
+9 2
+2 1
+1 1
+2 1
+5 2
+9 4
-9 4
+9 16
-9 12
+6 8
+69 4
+1 5
+55 2
+2 1
+1 1
+2 1
-3 1
+5 1
-5 1
+4 3
+4 2
+2 1
+1 1
+2 1
-3 1
+5 1
-5 1
+4 2
+3 1
-3 1
+3 5
532 1
+32 1
-26 6
+7 5
+2 1
+1 1
+1 2
-4 4
+2 1
+1 1
+1 6
+2 2
-6 2
+6 2
+5 1
+2 2
+1 1
-1 1
+1 3
+6 1
-1 1
+1 5

fn=(272) intel_check_word
133 12
+6 6
-7 30
+7 24
-7 6
+7 6
+2 6
-2 6
+2 6
+68 10
+3 30
-69 5
+2 10
-2 8
+2 16
+8 26
+51 26
+22 13
fi=(74) /build/glibc-Cl5G7W/glibc-2.23/string/../bits/stdlib-bsearch.h
27 13
+1 26
+3 26
+1 13
fe=(73)
+89 26
fi=(74)
-90 42
+1 21
fe=(73)
+89 42
+3 84
fi=(74)
-95 61
+2 61
-2 61
+2 106
+1 53
fe=(73)
+89 106
231 12
+14 2
+6 11
141 22
-6 4
256 24
fi=(74)
37 23
-8 48
fe=(73)
233 2
+2 4
+2 2
+19 12

fn=(270)
262 4
-1 4
+17 2
-17 12
+14 2
+1 4
-3 6
+23 8
cfn=(272)
calls=2 133 
* 680
+1 4
+3 10
cfn=(272)
calls=2 133 
* 349
+1 4
+3 5
cfn=(272)
calls=1 133 
* 24
+1 2
+3 5
cfn=(272)
calls=1 133 
* 100
+1 2
-25 4
+5 2
-5 6
+5 2
+2 2
+1 2
-1 4
+27 16

fl=(107) /build/glibc-Cl5G7W/glibc-2.23/stdio-common/vfscanf.c
fn=(462) _IO_vfscanf
279 138200
+11 13820
-11 27640
+11 27640
+1 13820
fi=(115) /build/glibc-Cl5G7W/glibc-2.23/stdio-common/../include/scratch_buffer.h
79 13820
fe=(107)
291 13820
fi=(115)
78 55280
fe=(107)
341 82920
+6 41460
+3 69100
+4 13820
+20 13820
-20 13820
+20 13820
-13 27640
+6 13820
+2 41460
+5 13820
-5 13820
+5 82920
2671 13820
315 13820
-30 13820
-1 27640
+95 13820
2671 13820
2215 27640
334 27640
-4 13820
-1 13820
-1 27640
-1 13820
-32 13820
-12 13820
2215 13820
383 108822
+37 77733
+23 25911
+1 25911
-1 25911
+1 25911
+3 60455
+7 108819
+8 24182
+8 36273
+2 5184
+1 3456
-1 1728
cfi=(93)
cfn=(468) _IO_sputbackc
calls=1728 673 
* 25920
* 1728
3024 110560
fi=(115)
86 69100
fe=(107)
3027 41460
+3 27640
+17 55280
+6 124380
449 44908
347 27640
+27 82920
+92 13820
223 13820
+1 27640
489 55280
-6 41460
+24 27640
+21 13820
+7 13820
-7 41460
+10 138200
+80 27640
+5 27640
-1 13820
+1 13820
+1 55280
+3 13820
+1 55280
-1 27640
+1 13820
-1 13820
+1 69100
+6 88101
+3 27638
-3 27638
+3 44915
-3 3458
+3 5187
-3 31096
+3 13820
+1 27640
+1 69100
-1 13820
+1 55280
+4 13820
-4 27640
cfi=(93)
cfn=(468)
calls=13820 +34 
* 207300
+4 110560
-19 41460
-73 55280
+8 27640
+75 3458
cfi=(93)
cfn=(408) __uflow
calls=1729 348 
* 1009560
* 3458
+2 27640
1374 20726
507 124380
288 10363
3014 51815
2458 36273
1918 110560
+1 41460
+8 41460
+13 82920
+21 27640
+64 69100
261 9669
+3 9669
2028 22561
+2 12892
+1 29007
-7 6446
+22 3223
+16 9669
+66 3223
-66 9669
fi=(115)
114 9669
fe=(107)
2128 12892
-66 31791
+66 10597
-66 31791
fi=(115)
114 31791
fe=(107)
2128 42388
261 17736
+3 26604
2166 79812
+4 8868
-4 8868
+4 35472
2051 17736
2170 13820
2051 27640
+6 68064
+5 27640
+33 27640
+4 13820
-4 13820
+2 27640
+2 55280
+11 27640
+56 13820
+7 27640
+8 69100
2418 13820
-10 13820
+10 51822
261 24182
+3 36273
2426 24182
+6 12091
+2 12091
-2 12091
+7 12091
+2 36273
-2 12091
+2 12091
-2 12091
+2 12091
cfi=(108)
cfn=(470)
calls=12091 51 
* 3806528
+2 84637
+1 169274
+10 24182
639 13820
+4 27640
2062 41460
+48 13820
+37 27640
-77 27640
+1 72546
264 13820
1937 27640
2128 41460
250 10597
2024 10597
1924 31791
262 3458
2421 3458
2099 27640
+60 82920
cfi=(93)
cfn=(468)
calls=13820 673 
* 207300
* 13820
288 41460

fl=(86)
fn=(346)
29 4
fi=(87)
260 1
fe=(86)
30 1
fi=(87)
260 1
fe=(86)
30 1
fi=(87)
260 1
fi=(85)
2911 7
+2 3
cfn=(362)
calls=1 3349 
* 1035
+3 1
-3 1
+3 1
+8 4
+2 11
fe=(86)
33 4
fi=(85)
2911 6
+12 1
cfi=(87)
cfn=(350) ptmalloc_init.part.5
calls=1 258 
* 58241
* 1
-15 2
fe=(86)

fl=(123) /build/glibc-Cl5G7W/glibc-2.23/stdio-common/_itoa.c
fn=(568) _itoa_word
168 7620
+2 3810
+9 26670
+9 3810

fl=(118) /build/glibc-Cl5G7W/glibc-2.23/stdlib/grouping.c
fn=(522) __correctly_grouped_prefixmb
55 22561
+6 3223
-6 3223
+6 3223
201 29007

fl=(93)
fn=(408)
348 1736
+2 5208
+6 10416
+3 3472
+2 3472
+6 3472
+7 3472
+1 1736
-1 3472
cfn=(410) _IO_default_uflow
calls=1736 +39 
* 965457
-24 3472
+22 5208

fn=(414) _IO_doallocbuf
395 3462
-1 5193
+3 6924
+1 5193
cfi=(99)
cfn=(416)
calls=1731 95 
* 654097
* 3462
+3 6924

fn=(422)
380 10383
+1 17304
+3 3461
+2 13844
-3 3461
+3 6922
+3 15573
-7 1730
cob=(2)
cfi=(16)
cfn=(508)
calls=1730 0 
* 230236
* 8650

fn=(424) _IO_switch_to_get_mode
176 3472
-1 3472
+1 1736
+3 5208
+5 1736
-1 3472
+1 1736
+7 1736
-4 1736
+2 3472
+2 1736
+1 1736
+1 3472

fn=(548)
230 256050
+2 256050
cfi=(94)
cfn=(542) _IO_file_overflow@@GLIBC_2.2.5
calls=85350 808 
* 2991684

fn=(380) _IO_link_in
98 5193
-1 3460
+3 3460
-3 1730
+5 1730
-2 1730
+2 8650
+1 17300
+2 1730
-2 1730
+1 1730
+1 1730
-2 1730
+2 1730
-2 1730
+2 22490
+2 1730
-2 1730
+4 1730
+2 1730
-3 1730
-1 1730
+4 12110
+2 1730
-1 1730
+1 13840
+1 3460
+3 6921
-6 12110

fn=(498) _IO_un_link
60 6920
-1 6920
+5 10380
+1 17300
+2 1730
-2 1730
+1 1730
+1 1730
-2 1730
+2 1730
-2 1730
+2 22490
+2 1730
-2 5190
+2 3460
+2 3460
+13 1730
+2 1730
-2 1730
+2 13840
+2 1730
-1 1730
+1 13840
+1 3460
+3 8650
-6 12110
-13 1730
+1 1730
-1 3460

fn=(502) _IO_unsave_markers
1049 1730
-2 1730
+2 1730
+19 5190
+2 1730

fn=(708) _IO_cleanup
948 2
+3 1
-3 2
-50 1
+50 1
+3 1
cfn=(710) _IO_flush_all_lockp
calls=1 760 
* 90
-63 1
+63 1
-63 2
+10 3
+8 5
+2 2
+2 1
+1 1
-1 1
+2 2
+3 5
cfi=(94)
cfn=(712) _IO_file_setbuf@@GLIBC_2.2.5
calls=1 450 
* 66
+2 3
+4 2
+7 3
-40 9
+2 6
+2 7
+6 12
+65 7
-42 3
+1 8

fn=(714) _IO_default_setbuf
522 4
+1 1
-1 2
+1 1
cfi=(94)
cfn=(716) _IO_file_sync@@GLIBC_2.2.5
calls=1 868 
* 13
* 2
+9 1
-7 1
+7 1
-7 1
388 1
-5 1
+1 1
+4 1
535 1
+2 1
-2 2
+1 3
+2 4
381 1
527 1
+1 1
-1 1
+1 1
381 4

fn=(376) _IO_old_init
586 1730
-16 1730
+1 1730
+15 1730
+5 1730
-21 1730
+2 1730
+1 1730
+1 1730
+17 1730
-16 1730
+1 1730
+1 1730
+1 1730
+1 1730
+1 1730
+2 1730
+1 1730
+1 1730
+1 1730
+6 1730
+1 6920

fn=(410)
413 1736
-1 3472
+1 1736
cfi=(94)
cfn=(412) _IO_file_underflow@@GLIBC_2.2.5
calls=1736 539 
* 944629
+1 3472
+2 6940
+1 3472

fn=(374) _IO_no_init
599 15570
+1 1730
cfn=(376)
calls=1730 -14 
* 43250
+3 1730
-2 1730
+2 1730
+2 1
+1 1
+1 1
+1 1
+1 1
+1 1
+1 1
+1 1
+1 1
+1 1
+1 1
+1 1
+2 1
+7 1
+1 6
-1 1729
+1 10374
-3 3458

fn=(468)
673 29368
+3 29368
-3 29368
+3 58736
+1 117472
+9 29368
+3 58736
-10 88104

fn=(710)
760 8
+6 3
+11 2
+16 2
-17 2
-1 2
+1 3
-1 1
+1 1
+3 9
+10 6
+4 3
-2 3
+2 6
+7 3
-27 6
+31 2
+2 2
+4 9
-38 1
-6 1
+5 1
+2 2
+6 12

fn=(454) _IO_init
563 6916
cfn=(374)
calls=1729 +36 
* 81263

fn=(518) _IO_default_finish
639 6920
+2 5190
+6 5190
+3 5190
60 3460
662 6920

fn=(546) _IO_default_xsputn
425 6
-3 30
+8 200
+25 335
cfi=(94)
cfn=(542)
calls=47 808 
* 1551
* 94
+2 47
-2 94
+4 3
+1 3
-1 3
+1 15

fl=(135)
fn=(606)
35 4
+1 4
+1 4
+1 4
+2 4
+1 4
+2 4
+1 4
+1 4
+2 4
+1 4
+14 4
+1 4
+2 4
+1 4
+1 4
+1 4
+1 4
+1 4
+1 4
+1 4
+3 16
+1 16
+1 16
+1 16
+1 16
+1 16
+1 16
+1 16
+1 16
+1 16
+1 16
+1 16
+1 16
+1 16
+1 16
+1 16
+1 16
+1 16
+1 16
+1 16
-1 4
+1 4
+2 4
+1 4
+1 4
+1 4
+1 4
+1 4
+1 4
+1 4
+1 4
+1 4
+1 4
+1 4
+1 4
+1 4
+1 4
+1 4
+1 4
+1 4

fl=(98)
fn=(406) _IO_getline_info
49 17300
+2 1730
-2 5190
+2 1730
+2 5190
+2 6920
+29 1734
+1 3468
-1 1734
+1 3468
cfi=(101)
cfn=(432)
calls=1734 -60 
* 39838
+1 1734
-1 1734
+1 1734
+14 15
+3 5
-1 5
-2 5
cfi=(102)
cfn=(434)
calls=5 -39 
* 112
+1 5
-46 10
+2 5223
+1 3482
+2 14
cfi=(93)
cfn=(408)
calls=7 348 
* 1033
+1 14
+6 12
+11 6
-1 12
-22 14
+52 8
-18 1729
+1 1729
-2 1729
+1 1729
-1 1729
+2 3458
+2 1729
+2 3458
+2 8645
cfi=(102)
cfn=(434)
calls=1729 -35 
* 46644
+1 1729
+1 1729
-1 1729
+10 13832
-44 2
-9 2

fn=(404)
34 3460
cfn=(406)
calls=1730 +15 
* 195081

fl=(109)
fn=(472)
481 84637
+55 12091
-55 36273
+53 12091
+2 12091
+18 12091
-1 12091
+15 24182
+1 24182
cfi=(110)
cfn=(474)
calls=12091 66 
* 193456
+1 12091
-1 12091
+1 24182
+10 12091
-6 12091
+6 36273
+3 24182
+1 12091
-1 12091
+1 12091
+3 24182
+5 12091
-17 12091
+17 12091
+13 36273
+1 24182
+56 48364
+19 17736
-67 36273
738 3223
1743 96728
487 6446
683 6446
-1 6446
+1 6446
+23 36273
-1 6446
+2 9669
+41 26604
+1 17736
+12 17736
+13 17736
-26 35472
+4 26604
+25 17736
+42 35472
+9 17736
+1 17736
+18 17736
+6 8868
+1 8868
-1 17736
+1 8868
725 26604
855 44340
986 17736
+10 62076
+19 17736
+1 17736
+2 17736
738 16115
593 17736
1021 17736
+33 17736
+92 8868
+2 53208
+1 8868
+1 8868
+3 17736
-3 8868
+3 17736
662 9669
+19 3223
487 3223
681 6446
+31 6446
+1 6446
+12 6446
-19 19338
+27 19338
cfi=(118)
cfn=(522)
calls=3223 55 
* 61237
+5 29007
1165 17736
576 8868
1168 17736
681 17736
487 17736
1369 8868
1171 88680
cfn=(476) str_to_mpn.isra.0
calls=8868 338 
* 443400
* 8868
+6 62076
+44 8868
+1 17736
-1 17736
+1 8868
+4 8868
-4 8868
+4 8868
+6 17736
+32 17736
+3 62076
+2 17736
+8 17736
+21 62076
cfn=(480) round_and_return
calls=8868 197 
* 682836
* 8868
-19 88680
cfi=(111)
cfn=(478)
calls=8868 29 
* 133020
+4 35472

fn=(476)
338 62076
+14 8868
-1 8868
-13 17736
+14 70944
+34 35472
+10 8868
+3 8868
+1 8868
+2 8868
-3 8868
+3 8868
+2 35472
+9 8868
-2 17736
+2 8868
-2 8868
+2 8868
+2 8868
+1 8868
+15 79812

fn=(480)
197 88680
fi=(112) /build/glibc-Cl5G7W/glibc-2.23/stdlib/../sysdeps/generic/get-rounding-mode.h
94 8868
+1 44340
fe=(109)
200 17736
+94 17736
+35 62076
fi=(112)
104 8868
-9 17736
fe=(109)
301 88680
-4 8868
fi=(113) /build/glibc-Cl5G7W/glibc-2.23/stdlib/../include/rounding-mode.h
46 35472
fe=(109)
328 26604
cfi=(114) /build/glibc-Cl5G7W/glibc-2.23/stdlib/../sysdeps/ieee754/dbl-64/mpn2dbl.c
cfn=(486) __mpn_construct_double
calls=8868 39 
* 124152
* 97548
fi=(113)
46 17736
+6 17736
fe=(109)

fl=(46) /build/glibc-Cl5G7W/glibc-2.23/string/../sysdeps/x86_64/multiarch/strcmp.S
fn=(188) strncasecmp
129 1
+1 1
+1 1
+1 1
+1 1
+1 1
+1 1
+1 1
+1 1
+5 1

fn=(178) strcasecmp
109 1
+1 1
+1 1
+1 1
+1 1
+1 1
+1 1
+1 1
+1 1
+5 1

fl=(106) /build/glibc-Cl5G7W/glibc-2.23/stdio-common/isoc99_fscanf.c
fn=(460) __isoc99_fscanf
26 138200
+4 207300
+3 13820
-2 13820
+3 55280
-1 69100
+1 13820
cfi=(107)
cfn=(462)
calls=13820 279 
* 11439393
fi=(116) /build/glibc-Cl5G7W/glibc-2.23/stdio-common/../libio/libioP.h
875 13820
+1 13820
fe=(106)
34 13820
fi=(116)
876 13820
+1 110560
fe=(106)
39 55280

fl=(139)
fn=(648)
104 1
-1 1
+1 2
cfn=(650) __run_exit_handlers
calls=1 -69 
* 1151

fn=(650)
35 8
+5 1
cfi=(140) /build/glibc-Cl5G7W/glibc-2.23/stdlib/cxa_thread_atexit_impl.c
cfn=(652) __call_tls_dtors
calls=1 145 
* 11
* 1
+6 8
+4 6
+3 1
-1 1
+2 5
+33 1
+1 1
-1 1
+1 1
+6 2
+1 5
cfi=(93)
cfn=(708)
calls=1 948 
* 248
* 3
+2 2
cfi=(144) /build/glibc-Cl5G7W/glibc-2.23/posix/../sysdeps/unix/sysv/linux/_exit.c
cfn=(718) _Exit
calls=1 -70 
* 5
-19 1
+4 1
-4 1
+2 1
+2 1
-2 2
+2 1
cob=(1)
cfi=(141) /build/glibc-Cl5G7W/glibc-2.23/elf/dl-fini.c
cfn=(654) _dl_fini
calls=1 +48 
* 831
+1 1

fl=(96) /build/glibc-Cl5G7W/glibc-2.23/string/../string/strstr.c
fn=(390) __GI_strstr
53 7
+10 3
+2 2
+1 1
+23 8
-26 1
-5 2

fl=(131) /build/glibc-Cl5G7W/glibc-2.23/libio/putchar.c
fn=(596) putchar
25 1728
+2 1728
-2 1728
+2 29376
+1 5184
fi=(103)
866 3456
+1 13824
fe=(131)
31 5184
-3 3456
cfi=(93)
cfn=(548)
calls=1728 230 
* 241920
* 3456

fl=(72) /build/glibc-Cl5G7W/glibc-2.23/ctype/ctype-info.c
fn=(266) __ctype_init
31 5
+2 1
+2 1
-4 1
+4 1
-4 1
+2 3
+2 3

fl=(134)
fn=(604)
29 7
+1 7
+1 7
+2 1
+1 1
+1 1
+1 1
+1 1
+1 1
+1 1
+1 1
+1 1
+3 6
+1 6
+1 4
+1 4
+1 4
+1 4
+1 4
+1 4
+1 4
+1 4
+1 4
+1 4
+6 2
+19 2
+1 2
+1 2
+1 2
+1 2
+1 2
+1 2
+1 4
+3 2
+1 2
+1 2
+1 2
+1 2
+1 2
+1 2
+1 2
+1 2
+1 2
+1 2
+1 2
+1 2
+1 2
+1 2
+1 2
-15 12
+1 12
+1 12
+1 12
+1 12
+1 12
+1 12
+1 12
+1 12
+1 12
+1 12
+1 12
+1 12
+1 12
+1 12
+1 12
-9 4
+1 4
+1 4
+1 4
+1 4
+1 4
+1 4
+1 4
+1 4
+1 4
-6 1
+1 1
+1 1
+1 1
+1 1
+1 1
+1 1
+2 7
+1 7
+1 7
+1 7
+1 7
+1 7
+1 7

fl=(140)
fn=(652)
145 3
+1 4
+18 4

fl=(67) /build/glibc-Cl5G7W/glibc-2.23/csu/../csu/init-first.c
fn=(256) _init
52 8
+6 3
+14 1
fi=(69) /build/glibc-Cl5G7W/glibc-2.23/csu/../sysdeps/unix/sysv/linux/x86_64/init-first.c
-36 1
fe=(67)
+34 1
+1 1
fi=(69)
-35 3
fe=(67)
+36 1
fi=(69)
-36 3
fi=(68) /build/glibc-Cl5G7W/glibc-2.23/csu/../sysdeps/generic/dl-hash.h
+12 3
+14 4
-17 3
+3 9
+14 12
-17 9
fi=(69)
-9 3
+2 2
-2 1
+2 2
cfi=(49) /build/glibc-Cl5G7W/glibc-2.23/elf/../sysdeps/unix/sysv/linux/dl-vdso.c
cfn=(184) _dl_vdso_vsym
calls=1 -11 
* 6
+1 2
+5 2
-3 2
+1 1
+2 1
cfi=(49)
cfn=(184)
calls=1 -17 
* 6
fe=(67)
+42 3
fi=(69)
-41 2
+1 1
fe=(67)
+40 1
cfi=(70) /build/glibc-Cl5G7W/glibc-2.23/misc/init-misc.c
cfn=(262) __init_misc
calls=1 -55 
* 48
+8 1
cfi=(72)
cfn=(266)
calls=1 -63 
* 16
+5 6
-34 1
-7 1
+7 4
fi=(69)
-25 2
fe=(67)

fl=(75) /build/glibc-Cl5G7W/glibc-2.23/elf/dl-altinit.c
fn=(276) dlinit_alt
33 3
+1 1

fl=(50) /build/glibc-Cl5G7W/glibc-2.23/string/../sysdeps/x86_64/multiarch/strcspn.S
fn=(186) strcspn
45 1
+1 1
+1 1
+1 1
+1 1
+1 1

fn=(190) strpbrk
45 1
+1 1
+1 1
+1 1
+1 1
+1 1

fl=(52) /build/glibc-Cl5G7W/glibc-2.23/time/../sysdeps/unix/sysv/linux/x86/gettimeofday.c
fn=(194) gettimeofday
37 1
-1 1
+1 6
fi=(48) /build/glibc-Cl5G7W/glibc-2.23/time/../sysdeps/generic/dl-hash.h
+11 3
+14 4
-17 3
+3 9
+14 12
-17 9
fe=(52)
-8 3
+3 2
-3 1
+3 1
cfi=(49)
cfn=(184)
calls=1 -13 
* 6
+1 3
+1 2

fl=(94)
fn=(382) _IO_file_fopen@@GLIBC_2.2.5
249 7
+11 2
+2 3
+25 12
+41 6
cfn=(384) _IO_file_open
calls=1 214 
* 45
+3 1
-3 1
+3 1
+17 3
cfi=(96)
cfn=(390)
calls=1 53 
* 24
+1 1
-1 1
+1 1
-83 1
-1 1
-15 2
425 1
-76 1
+76 7

fn=(412)
539 5208
+6 5208
-14 6944
+17 3472
+13 3472
+20 3472
cfi=(93)
cfn=(424)
calls=1736 176 
* 34720
+6 1736
+5 6944
-5 3472
+1 1736
+2 1736
-1 3472
+3 1736
cfi=(105)
cfn=(464) _IO_cookie_read
calls=1729 47 
* 257621
cfn=(426) _IO_file_read
calls=7 1216 
* 77
+2 3472
+16 1735
-9 1735
+9 3470
+2 3470
+1 6940
-16 1
-1 1
+1 2
+10 1
+6 1
-5 1
+5 3
-62 5190
+5 3460
cfi=(93)
cfn=(414)
calls=1730 395 
* 570661
* 3460

fn=(418)
1229 2
+1 6
cfi=(100) /build/glibc-Cl5G7W/glibc-2.23/io/../sysdeps/unix/sysv/linux/wordsize-64/fxstat.c
cfn=(420) _fxstat
calls=2 34 
* 20

fn=(378) _IO_file_init@@GLIBC_2.2.5
144 3460
+4 1730
-4 3460
+5 1730
-1 1730
+3 1730
cfi=(93)
cfn=(380)
calls=1730 -53 
* 140130
+1 1730
+1 6920

fn=(384)
214 6
+3 2
+8 2
+3 2
+3 1
-3 1
-1 1
+1 2
+3 1
-3 1
+3 1
+10 2
cfi=(93)
cfn=(380)
calls=1 98 
* 4
+1 1
+1 4
-22 4
cfi=(95)
cfn=(386)
calls=1 84 
* 7
* 3

fn=(516) _IO_file_finish@@GLIBC_2.2.5
200 1730
+1 1730
-1 1730
+1 1730
+6 3460
+1 1730
-1 1730
cfi=(93)
cfn=(518)
calls=1730 639 
* 32870

fn=(712)
450 2
+1 1
cfi=(93)
cfn=(714)
calls=1 +71 
* 51
* 2
+4 2
-1 2
+2 3
+2 1
+1 2

fn=(540)
1287 29662
-1 59324
-6 175560
+13 70224
+17 4
+4 17555
+5 70220
cfi=(124)
cfn=(570)
calls=17555 61 
* 339630
* 17555
+6 17555
-1 17555
+1 35110
+2 35110
+27 35112
+1 152554
-24 5
cfn=(542)
calls=1 808 
* 114648
* 2
+6 346
+1 519
+2 519
+11 346
+1 12
cfi=(93)
cfn=(546)
calls=3 425 
* 2381
* 6
-57 52665
+1 35110
+3 52665
+2 171287
-2 148500
+39 692
-35 172
+11 860
+17 688
cfn=(542)
calls=172 808 
* 19952
* 344

fn=(550) _IO_file_write@@GLIBC_2.2.5
1258 1906
-2 11436
+2 7624
+4 3812
+1 3812
+10 5718
+3 11436
-13 7624
cfi=(95)
cfn=(552)
calls=1906 84 
* 13342
+1 3812
+5 1906
+1 1906
-12 9530

fn=(542)
808 256710
+7 85570
-8 427850
+8 427846
+35 171140
+3 170794
+3 256191
+1 256191
+1 341588
+4 85397
+1 341588
-45 2
+12 2
+9 4
+8 1
-4 1
+3 2
-2 2
-3 1
+1 2
+5 1
-1 1
+1 3
+1 2
+12 1734
-1 6936
cfn=(544) _IO_do_write@@GLIBC_2.2.5
calls=1734 494 
* 162996
* 3468
-8 346
+12 519
-12 173
cfn=(544)
calls=173 494 
* 16172
-31 2
cfi=(93)
cfn=(414)
calls=1 395 
* 114594
+1 6

fn=(426)
1216 28
cfi=(95)
cfn=(428)
calls=7 84 
* 49

fn=(524) _IO_file_close
1250 5
+1 1

fn=(544)
494 5721
+1 1
-3 15248
+11 3812
+7 7624
+8 9530
cfn=(550)
calls=1906 1258 
* 83864
* 1906
+1 9530
+6 1906
-4 1906
+4 1906
-4 5718
+1 3812
+3 1906
-2 1906
-29 7624
+1 11436
+29 3812

fn=(716)
868 1
+5 1
-5 1
+5 3
+2 1
+1 2
+17 2
+4 2

fn=(500) _IO_file_close_it@@GLIBC_2.2.5
160 5190
-2 3460
+9 1730
-9 1730
+5 8650
+6 1730
+3 1730
-3 1730
cfi=(93)
cfn=(502)
calls=1730 1049 
* 12110
+3 3460
+4 5190
+9 8650
cfi=(93)
cfn=(422)
calls=1730 380 
* 280406
+1 3460
+3 1730
-3 1730
+1 5190
+2 1730
cfi=(93)
cfn=(498)
calls=1730 60 
* 5190
+5 3460
-4 1730
+1 1730
+1 1730
+2 1730
+1 6920
-23 5190
cfn=(524)
calls=1 1250 
* 6
cfi=(105)
cfn=(504) _IO_cookie_close
calls=1729 -78 
* 204022
* 3460

fl=(117) /build/glibc-Cl5G7W/glibc-2.23/libio/iofclose.c
fn=(496) fclose@@GLIBC_2.2.5
39 5190
+14 1730
-14 1730
+14 3460
+9 6920
cfi=(94)
cfn=(516)
calls=1730 200 
* 46710
+1 5190
+18 10380
+3 3460
cob=(2)
cfi=(16)
cfn=(508)
calls=1730 -84 
* 259477
+4 8650
-34 1730
cfi=(93)
cfn=(498)
calls=1730 +6 
* 152240
+2 32870
+1 3460
+1 3460
cfi=(94)
cfn=(500)
calls=1730 160 
* 584774
* 5190
fi=(103)
866 3460
+1 15570
fe=(117)
78 3460

fl=(87)
fn=(350)
258 6
+13 1
-8 1
+8 1
+6 3
+2 5
+16 2
-56 64
-18 195
+2 128
+1 2
+1 2
340 2
+6 2
+1 2
+2 1
+1 7
-78 5
cfi=(88) /build/glibc-Cl5G7W/glibc-2.23/elf/dl-addr.c
cfn=(352) _dl_addr
calls=1 126 
* 57806
* 2
+1 4

fl=(47) /build/glibc-Cl5G7W/glibc-2.23/time/../sysdeps/unix/sysv/linux/x86/time.c
fn=(180) time
38 1
-1 1
+1 6
fi=(48)
+10 3
+14 4
-17 3
+3 9
+14 12
-17 9
fe=(47)
-7 3
+3 2
-3 1
+3 1
cfi=(49)
cfn=(184)
calls=1 -14 
* 6
+1 3
+1 2

fl=(51) /build/glibc-Cl5G7W/glibc-2.23/string/../sysdeps/x86_64/multiarch/strspn.S
fn=(192) strspn
30 1
+1 1
+1 1
+1 1
+1 1
+1 1

fl=(91)
fn=(370)
34 4
+8 4
-8 12
+8 21
+4 8
+4 18
+12 5
-19 2
cfi=(92) /build/glibc-Cl5G7W/glibc-2.23/misc/../sysdeps/unix/sysv/linux/x86_64/brk.c
cfn=(372) brk
calls=1 -12 
* 12
* 4
+15 6
cfi=(92)
cfn=(372)
calls=3 -27 
* 36
* 6
+4 15

fl=(120) /build/glibc-Cl5G7W/glibc-2.23/stdio-common/printf.c
fn=(562) printf
28 206768
+4 10452
+1 20904
-1 52260
+1 31356
cfi=(121) /build/glibc-Cl5G7W/glibc-2.23/stdio-common/vfprintf.c
cfn=(564) vfprintf
calls=10452 1236 
* 18237104
-1 4942
+1 9884
-1 24710
+1 14826
cfi=(121)
cfn=(564)
calls=4942 1236 
* 1839894
+4 30788

fl=(92)
fn=(372)
31 32
+8 4
-6 8
+7 4

fl=(84) /build/glibc-Cl5G7W/glibc-2.23/libio/iofopen.c
fn=(392) __fopen_maybe_mmap
41 1
-2 1
+2 1
+15 1

fn=(340) __fopen_internal
61 6
+8 1
-8 2
+8 1
cob=(2)
cfi=(16)
cfn=(342)
calls=1 -69 
* 59340
+2 3
+3 1
+3 4
-3 1
+3 2
cfi=(93)
cfn=(374)
calls=1 599 
* 58
+4 1
+1 1
-1 1
+1 1
cfi=(94)
cfn=(378)
calls=1 +62 
* 94
+4 5
cfi=(94)
cfn=(382)
calls=1 249 
* 121
* 1
+1 1
-1 1
+6 5
-5 1
cfn=(392)
calls=1 -46 
* 4

fn=(338) fopen@@GLIBC_2.2.5
97 2
cfn=(340)
calls=1 -36 
* 59656

fl=(70)
fn=(262)
31 2
-1 3
+1 4
+2 3
cfi=(71)
cfn=(264)
calls=1 -9 
* 24
+4 5
+1 3
+2 4

fl=(102)
fn=(434)
61 3463
+2 3463
+2 3463
+3 1734
+1 1734
+2 7
+1 7
+2 7
+1 7
+5 7
+1 7
-1 1727
+1 1727
+2 1727
+1 1727
+2 1727
+1 3454
+5 1727
+1 1727
-1 7
+1 7
+2 1725
+1 1725
+2 1725
+1 1725
+5 1725
+1 1725
-1 9
+1 9
+2 1727
+1 1727
+2 1727
+1 1727
+5 1727
+1 1727
-1 7
+1 8
+5 1
+1 1
+1 1
+1 1
+2 1
+2 1
+1 1
+2 1
+8 1734
+8 1729
+6 1729
+2 1729
+1 1729
+26 1729
+1 1729
+3 1729
+1 1729
+1 1729
+5 6916
+2 6916
+1 6916
+1 6916
+1 6916
+2 6916
+1 6916
+1 6916
+1 6916
+2 6916
+1 6916
+2 6916
+2 6916
+2 6916
+1 6916
+1 6916
+1 6916
+2 6916
+1 6916
+1 6916
+1 6916
+2 6916
+1 6916
+2 10374
+5 1729
+6 1729
+1 1729
+2 1729

fl=(142) /build/glibc-Cl5G7W/glibc-2.23/stdlib/cxa_finalize.c
fn=(676) __cxa_finalize
31 8
+17 2
-17 8
+4 8
+4 12
-4 6
+32 8
+4 12
-4 6
+12 4
+3 2
-2 2
+2 12
-2 2
cfi=(143) /build/glibc-Cl5G7W/glibc-2.23/nptl/unregister-atfork.c
cfn=(678) __unregister_atfork
calls=2 -52 
* 20

fl=(114)
fn=(486)
39 8868
-6 26604
+7 8868
-7 8868
+6 17736
+1 26604
+6 17736
+1 8868

fl=(121)
fn=(564)
1236 123152
+31 46182
+8 46182
+4 76970
+11 76970
+11 15394
fi=(146) /build/glibc-Cl5G7W/glibc-2.23/stdio-common/printf-parse.h
108 46182
fe=(121)
1316 15394
-15 76970
fi=(146)
108 15394
cfi=(122)
cfn=(566)
calls=15394 -84 
* 349376
fe=(121)
1316 15394
fi=(146)
108 15394
fe=(121)
1312 15394
+4 30788
+4 123152
cfi=(94)
cfn=(540)
calls=15394 -33 
* 622515
* 61576
1685 76970
+3 15394
+1 123152
1275 30788
+41 92364
+1 215516
1685 76970
+1 30788
1320 30788
+4 15394
-4 15394
+4 30788
+4 147288
1552 24548
-21 24548
1632 24548
-1 24548
1370 185355
-7 12357
-1 12357
-3 12357
-1 12357
+8 12357
+4 12357
-3 12357
-10 12357
-1 12357
-1 12357
-1 12357
-1 12357
+14 12357
-15 12357
-1 12357
-1 12357
-1 12357
+18 24714
1649 12357
+2 24714
+8 12357
fi=(146)
108 24714
fe=(121)
1659 12357
fi=(146)
108 12357
fe=(121)
1659 12357
fi=(146)
108 24714
cfi=(122)
cfn=(566)
calls=12357 -84 
* 247140
fe=(121)
1663 12357
-4 12357
+4 135927
cfi=(94)
cfn=(540)
calls=12357 1287 
* 798540
* 160641
+2 36988
-61 167232
-1 10452
+1 20904
+27 107407
cfi=(94)
cfn=(540)
calls=1905 1287 
* 137160
* 19050
+1 3810
-1 22860
cfi=(123)
cfn=(568)
calls=1905 168 
* 41910
* 628120
cfi=(125)
cfn=(576)
calls=10452 1257 
* 13955969
* 229944

fl=(100)
fn=(420)
34 2
-1 2
+1 2
+1 12
+4 2

fl=(144)
fn=(718)
27 2
+4 1
+2 2

fl=(111)
fn=(478)
29 19321
+1 19321
+2 19321
+1 19321
+1 19321
+2 1
+1 1
+1 1
+1 1
+1 1
+1 1
+1 1
+1 1
+3 19320
+1 19320
+1 19320
+1 19320
+1 19320
+1 19320
+1 19320
+6 19320
+1 19320
+1 19320
+32 2
+1 2
+1 2
+1 2
+1 2
+1 2
+1 2
+1 2
+1 2
+1 2
+1 2
+1 2
+1 2
+1 2
+1 2
+1 2
-6 1
+1 1
+1 1
+1 1
+1 1
+1 1
+1 1
+2 1
+1 1
+1 1
+1 1
+1 1
+1 1
+1 1

fl=(128)
fn=(586)
32 83606
+3 83606
+1 83606
+1 83606
+1 83606
+1 83606
+2 83606
+1 83606
+2 83606
+1 83606
+1 83605
+1 83605
+1 83604
+2 83603
+1 83603
+1 83600
+1 83600
+1 3
+1 3
+1 3
+1 3
+1 3
+1 3
+1 3
+1 3
+1 3
+2 1
+1 1
+1 1
+1 1
+1 1
+1 1
+1 1
+2 1
+1 1
+1 1
+1 1
+1 1
+1 1
+2 1
+1 1
+1 1
+1 1
+1 1
+1 1
+1 1
+1 1
+1 1
+3 13
+1 13
+1 13
+1 13
+1 13
+1 13
+1 13
+1 13
+1 13
+1 13
+1 13
+1 13
+1 13
+1 13
+1 13
+1 13
+1 13
+1 13
+1 13
+1 13
+1 13
+1 13
+1 13
+1 13
+1 13
+1 13
-20 3
+1 3
+1 3
+1 3
+1 3
+1 3
+1 3
+1 3
+1 3
+1 3
+1 3
+1 3
+1 3
+1 3
+1 3
+1 3
+1 3
+1 3
+1 3
+1 3
+1 3
-16 1
+1 1
+1 1
+1 1
+1 1
+1 1
+1 1
+1 1
+1 1
+1 1
+1 1
+1 1
+1 1
+1 1
+1 1
+1 1
+1 1
-11 1
+1 1
+1 1
+1 1
+1 1
+1 1
+1 1
+1 1
+1 1
+1 1
+1 1
+1 1
-2 1
+1 1
+1 1
+2 6
+1 6
+1 6
+1 6
+1 6
+1 6
+2 6
+3 6
-5 83600
+2 83600
+3 83600

fl=(143)
fn=(678)
28 8
+8 2
+3 4
+82 6

fl=(105)
fn=(504)
94 5187
+2 3458
+3 3458
cfi=(104)
cfn=(506)
calls=1729 +39 
* 191919

fn=(452) _IO_cookie_init
153 6916
+1 1729
-1 3458
+9 1729
-8 1729
cfi=(93)
cfn=(454)
calls=1729 563 
* 88179
+1 1729
-12 1729
+1 1729
+1 1729
+12 1729
+3 1729
-5 1729
-9 1729
-3 3458
+3 3458
-2 3458
+3 3458
-2 3458
+2 3458
+13 1729
cfi=(94)
cfn=(378)
calls=1729 -16 
* 162526
+2 1729
+6 1729
-6 5187
+7 6916

fn=(450)
175 5187
+10 5187
+15 5187
+3 3458
cob=(2)
cfi=(16)
cfn=(342)
calls=1729 0 
* 620367
+1 1729
-1 1729
+1 1729
+6 1729
-3 1729
+3 10374
-3 1729
+3 1729
cfn=(452)
calls=1729 -57 
* 318136
+2 3458
+1 6916
-13 1729
-15 1729
+3 1729
+12 3458

fn=(464)
47 5187
+2 3458
+3 3458
cfi=(104)
cfn=(466)
calls=1729 -4 
* 245518

fl=(49)
fn=(184)
27 8
+4 8
-3 8

fl=(88)
fn=(352)
126 9
+5 1
-5 2
+5 2
cob=(1)
cfi=(2) /build/glibc-Cl5G7W/glibc-2.23/elf/rtld.c
cfn=(50) rtld_lock_default_lock_recursive
calls=1 704 
* 2
+2 2
cob=(1)
cfi=(77)
cfn=(301)
calls=1 -69 
* 1327
* 5
+2 2
30 1
+1 1
-1 1
+1 1
+3 2
+5 1
+6 1
-7 1
+2 2
+2 1
-2 1
+2 1
+3 1
+5 8
+2 1
+1 2
-1 1010
+1 2020
+2 3628
+9 2010
+7 24
-2 24
+2 2259
-2 2211
+2 5750
-10 11175
+2 8940
+1 14318
+7 1011
-21 2022
+49 3
+1 1
+1 3
+3 2
+37 2
cob=(1)
cfi=(2)
cfn=(52) rtld_lock_default_unlock_recursive
calls=1 710 
* 2
+3 9
-28 1
+1 1
+21 2

ob=(1)
fl=(42) /build/glibc-Cl5G7W/glibc-2.23/io/../sysdeps/unix/sysv/linux/wordsize-64/xstat.c
fn=(140) _xstat
34 4
-1 4
+1 4
+1 24
+4 1
-4 12

fl=(25) /build/glibc-Cl5G7W/glibc-2.23/string/../sysdeps/x86_64/memcpy.S
fn=(70) mempcpy
61 21
+4 21
+3 19
+1 19
+2 8
+1 8
+2 8
+1 8
+5 8
+1 8
-1 11
+1 11
+2 12
+1 12
+2 12
+1 12
+5 12
+1 12
-1 7
+1 7
+2 6
+1 6
+2 6
+1 6
+5 6
+1 6
-1 13
+1 13
+2 9
+1 9
+2 9
+1 18
+5 9
+1 9
-1 10
+1 12
+5 2
+1 2
+1 2
+1 2
+2 2
+2 2
+1 2
+2 2
+6 19
+4 19
+12 3
+2 3
+1 3
+26 3
+1 3
+3 3
+1 3
+1 3
+5 3
+2 3
+1 3
+1 3
+1 3
+2 3
+1 3
+1 3
+1 3
+2 3
+1 3
+2 3
+22 3
+2 3
+2 2
+7 2

fl=(78) /build/glibc-Cl5G7W/glibc-2.23/elf/../elf/dl-runtime.c
fn=(302) _dl_fixup
66 28
+5 28
-5 14
+3 28
+3 14
-1 28
-3 14
+5 84
+1 14
-1 14
+1 28
+5 28
+4 28
+4 42
+4 14
+1 70
+2 56
+7 28
-1 14
+1 14
+10 126
cfi=(6) /build/glibc-Cl5G7W/glibc-2.23/elf/dl-lookup.c
cfn=(172) _dl_lookup_symbol_x
calls=14 806 
* 12128
* 14
+4 70
+10 84
+16 14
-8 14
+8 42
+4 42
fi=(5) /build/glibc-Cl5G7W/glibc-2.23/elf/../sysdeps/x86_64/dl-machine.h
+90 14
fe=(78)
-86 42

fl=(2)
fn=(102) map_doit
496 1
+2 1
-2 1
+3 8
cfi=(22) /build/glibc-Cl5G7W/glibc-2.23/elf/dl-load.c
cfn=(104) _dl_map_object
calls=1 2189 
* 2358
* 1
+2 2

fn=(152) version_check_doit
529 2
+2 4
cfi=(44) /build/glibc-Cl5G7W/glibc-2.23/elf/dl-version.c
cfn=(154) _dl_check_all_versions
calls=1 380 
* 5690
* 2
+4 2

fn=(52)
710 12

fn=(92) handle_ld_preload
757 7
+1 1
-1 1
-75 1
+86 1
-11 1
-75 6
+80 3
fi=(31) /build/glibc-Cl5G7W/glibc-2.23/elf/../string/bits/string2.h
961 1
+1 145
+1 46
-2 46
+2 46
-2 139
+2 1
-2 3
fe=(2)
766 2
+10 4
108 3
779 2
677 1
+5 5
-10 1
+4 1
+1 1
+1 1
+2 1
+2 1
cfi=(32) /build/glibc-Cl5G7W/glibc-2.23/elf/dl-error.c
cfn=(96) _dl_catch_error
calls=1 163 
* 2434
+1 3
+13 3
+84 1
-18 3
+21 9
-15 4
cfi=(18) /build/glibc-Cl5G7W/glibc-2.23/string/../sysdeps/x86_64/multiarch/../memcpy.S
cfn=(46) memcpy
calls=1 61 
* 68
* 1
+1 2

fn=(26) dl_main
790 1
+19 1
-19 7
2390 1
790 3
+19 1
+3 1
-22 1
2385 1
812 1
+4 2
+1 2
+5 2
2383 2
+7 4
-4 1
+4 8
+2 2
cfi=(13) /build/glibc-Cl5G7W/glibc-2.23/elf/dl-environ.c
cfn=(28) _dl_next_ld_env_entry
calls=1 30 
* 72
* 4
cfi=(13)
cfn=(28)
calls=2 30 
* 347
* 9
+4 50
+1 19
-1 57
+3 4
+6 14
2553 3
+30 3
832 3
1033 7
cfi=(15) /build/glibc-Cl5G7W/glibc-2.23/elf/dl-object.c
cfn=(32) _dl_new_object
calls=1 61 
* 250
+2 1
-2 1
+2 1
+1 1
+1 1
+5 2
-5 1
+1 2
+4 1
cfi=(15)
cfn=(48) _dl_add_to_namespace_list
calls=1 32 
* 33
+1 3
799 1
1072 1
-3 1
-5 1
+1 1
+2 1
+5 7
+56 5
-55 24
-1 27
+1 47
1175 5
+3 2
+2 2
+2 3
+13 3
+1 6
cfi=(19) /build/glibc-Cl5G7W/glibc-2.23/string/../sysdeps/x86_64/multiarch/../strcmp.S
cfn=(54) strcmp
calls=1 144 
* 44
* 2
+7 1
+3 1
-5 1
+3 1
+2 1
+1 2
+4 2
+2 2
fi=(3) /build/glibc-Cl5G7W/glibc-2.23/elf/get-dynamic-info.h
30 1
+9 2
+6 1
-2 1
+2 2
+15 1
+5 1
+3 1
+2 1
-3 1
-3 1
-3 14
+10 3
-26 9
+16 20
+10 20
-26 60
+26 1
-26 3
+2 48
+13 16
+2 4
+16 3
+38 3
+5 2
+7 2
+1 3
+16 3
+14 3
+18 2
fe=(2)
1218 2
cfi=(6)
cfn=(10) _dl_setup_hash
calls=1 956 
* 23
+3 2
fi=(20) /build/glibc-Cl5G7W/glibc-2.23/elf/setup-vdso.h
24 2
fe=(2)
1243 1
cfi=(9) /build/glibc-Cl5G7W/glibc-2.23/elf/../sysdeps/unix/sysv/linux/dl-sysdep.c
cfn=(60) _dl_discover_osversion
calls=1 45 
* 93
* 8
-75 2
+1 2
+1 1
-6 2
+1 1
-88 3
+1 1
+50 2
-1 8
+2 4
+1 1
+3 2
+1 2
-1 2
+1 2
+1 2
+1 6
+1 2
-43 1
-2 2
+27 1
-25 2
+7 1
-10 1
+10 1
-19 3
+1 1
fi=(3)
65 4
+3 4
+2 4
fe=(2)
2480 1
+1 1
-1 2
+1 3
cfi=(14) /build/glibc-Cl5G7W/glibc-2.23/string/../sysdeps/x86_64/multiarch/../memcmp.S
cfn=(30) bcmp
calls=1 24 
* 31
* 2
-55 4
cfi=(14)
cfn=(30)
calls=1 24 
* 18
* 2
+7 4
cfi=(14)
cfn=(30)
calls=1 24 
* 36
* 2
+2 3
+48 3
1248 2
cfi=(22)
cfn=(64) _dl_init_paths
calls=1 689 
* 1578
+3 3
cfi=(29) /build/glibc-Cl5G7W/glibc-2.23/elf/dl-debug.c
cfn=(86) _dl_debug_initialize
calls=1 50 
* 17
+7 1
-7 1
+2 1
+5 1
+3 3
+1 1
+3 1
-3 3
+1 2
+3 1
+5 1
-7 1
+7 1
+1 5
+17 2
+1 2
+5 1
-3 4
+2 2
+1 3
+5 3
+1 5
+2 2
+1 2
+5 2
+5 1
805 1
1314 2
1491 1
cfi=(30) /build/glibc-Cl5G7W/glibc-2.23/elf/dl-tls.c
cfn=(88) _dl_count_modids
calls=1 115 
* 4
* 1
+8 3
+3 1
+4 3
+5 1
+1 1
cfi=(29)
cfn=(90) _dl_debug_state
calls=1 74 
* 1
+1 1
+4 3
+15 3
+4 1
-2 1
+2 2
+2 3
+1 1
-1 2
+1 1
cfn=(92)
calls=1 757 
* 2999
* 1
+1 1
+2 6
+10 3
cfi=(24) /build/glibc-Cl5G7W/glibc-2.23/io/../sysdeps/unix/syscall-template.S
cfn=(68) access
calls=1 84 
* 9
* 2
+77 1
-96 1
+96 3
+17 3
+1 1
-1 1
+1 2
-1 1
+1 5
cfi=(41) /build/glibc-Cl5G7W/glibc-2.23/elf/dl-deps.c
cfn=(134) _dl_map_object_deps
calls=1 161 
* 13228
+1 1
+2 2
+3 1
-3 3
+3 1
-3 1
+3 3
+1 4
-1 2
+1 16
-1 8
+4 3
+1 3
+1 1
+2 2
+1 6
-1 6
+1 8
-1 6
-3 1
+16 1
+1 2
-1 1
+1 1
+2 1
+2 3
+2 1
-4 1
+5 1
-1 2
+14 2
+1 2
+1 3
+11 1
+2 1
-2 1
+2 2
-1 1
+1 1
-2 3
+2 1
cfi=(32)
cfn=(150) _dl_receive_error
calls=1 205 
* 5730
+10 1
+1 1
-1 1
+1 1
+1 1
cfn=(160) init_tls
calls=1 589 
* 676
* 1
+2 2
719 1
+2 3
fi=(147) /build/glibc-Cl5G7W/glibc-2.23/elf/../sysdeps/unix/sysv/linux/dl-osinfo.h
77 1
fe=(2)
730 1
+7 1
-5 1
1729 3
1959 3
2129 4
+2 1
+5 3
cfi=(30)
cfn=(230) _dl_allocate_tls_init
calls=1 450 
* 147
+3 2
+9 3
+2 2
+15 1
+2 1
-2 2
+3 1
-3 1
+3 1
-3 1
+3 3
cfi=(45) /build/glibc-Cl5G7W/glibc-2.23/elf/dl-reloc.c
cfn=(166) _dl_relocate_object
calls=1 149 
* 4284
+1 1
+2 6
+8 1
cfi=(7) /build/glibc-Cl5G7W/glibc-2.23/elf/../elf/dl-sysdep.c
cfn=(232) _dl_sysdep_start_cleanup
calls=1 256 
* 1
+4 3
+20 3
cfi=(29)
cfn=(86)
calls=1 50 
* 8
+1 1
-1 1
+2 1
cfi=(29)
cfn=(90)
calls=1 74 
* 1
+1 1
+4 1
cfi=(43) /build/glibc-Cl5G7W/glibc-2.23/elf/dl-cache.c
cfn=(234) _dl_unload_cache
calls=1 322 
* 15
+5 8
2080 3
+7 1
+2 3
+19 1
-19 4
+2 1
+2 15
+5 10
+2 10
+6 5
+2 10
+1 32
cfi=(45)
cfn=(166)
calls=4 149 
* 78822
+4 17
-22 12
+25 1
+2 5
+6 1
-6 1
+6 1
-10 2
cfi=(30)
cfn=(200) _dl_add_to_slotinfo
calls=1 890 
* 20
* 1
-12 1
+1 1
-3 2
-85 1
+11 1
-7 1
-4 1
+4 3
+4 2
+3 1
1672 2
-39 5
+1 1
-1 3
+4 3
+1 1
+1 2
+1 2
1237 3

fn=(50)
704 12

fn=(2) _dl_start
353 9
+18 4
fi=(5)
59 1
fe=(2)
371 1
fi=(3)
45 1
fi=(5)
+14 2
fe=(2)
397 1
fi=(3)
45 1
fe=(2)
394 1
fi=(3)
45 1
+25 2
-3 1
-7 1
+5 1
+3 1
+2 1
-3 1
-3 1
-3 2
-13 26
+23 13
-26 39
+26 1
-26 3
+2 36
+13 20
+1 16
+10 4
-26 12
+33 2
+20 4
+1 4
+1 4
+1 4
+2 4
+5 4
+1 4
+1 4
+6 3
+5 2
+7 3
+1 3
+8 3
+2 3
+3 2
+1 2
fe=(2)
408 2
302 1
415 1
302 1
cfi=(6)
cfn=(10)
calls=1 956 
* 23
+1 2
+1 2
+1 2
+1 2
+8 1
+9 1
-9 3
+9 1
-6 1
-3 1
+9 1
cfi=(7)
cfn=(12) _dl_sysdep_start
calls=1 86 
* 110360
* 1
+9 1
+3 4
+4 1
-4 1
+4 1
440 9
fi=(3)
62 4
+3 4
fe=(2)
413 26
fi=(4) /build/glibc-Cl5G7W/glibc-2.23/elf/do-rel.h
84 1
+27 1
-28 1
+28 2
+1 2
fi=(5)
517 2
fi=(4)
112 18
fi=(5)
517 18
+1 20
fi=(4)
111 20
fi=(5)
518 10
fi=(4)
111 10
+5 2
+8 1
fi=(5)
312 1
fi=(4)
124 2
+12 1
+1 3
fi=(5)
266 1
fi=(4)
137 1
fi=(5)
294 1
fi=(4)
137 2
fi=(5)
294 1
fi=(4)
136 5
+1 15
fi=(5)
266 5
fi=(4)
137 5
fi=(5)
294 5
fi=(4)
137 10
fi=(5)
294 5
+9 12
+3 6
-3 12
+3 18
+6 36
fi=(3)
68 4
+2 3
fi=(5)
425 12
fi=(4)
124 19
fe=(2)

fn=(98) _dl_initial_error_catch_tsd
664 14

fn=(160)
589 1
+6 1
-6 1
+2 2
+4 1
+10 4
cfi=(17) /build/glibc-Cl5G7W/glibc-2.23/elf/dl-minimal.c
cfn=(36) calloc
calls=1 103 
* 89
* 1
+11 1
-5 1
-7 1
+6 1
+2 1
-1 1
+5 1
+2 1
-1 1
+1 12
+2 10
+4 1
+2 1
-2 2
-5 10
+9 3
+3 1
cfi=(30)
cfn=(162) _dl_determine_tlsoffset
calls=1 138 
* 71
+7 1
cfi=(30)
cfn=(164) _dl_allocate_tls_storage
calls=1 354 
* 439
+1 1
-1 1
+1 1
+6 1
+3 1
-3 1
+3 6
+3 1
+2 1
+1 2

fl=(28) /build/glibc-Cl5G7W/glibc-2.23/string/strdup.c
fn=(80) strdup
40 16
+1 4
cfi=(11) /build/glibc-Cl5G7W/glibc-2.23/string/../sysdeps/x86_64/strlen.S
cfn=(22) strlen
calls=4 +25 
* 118
* 4
+1 8
cfi=(17)
cfn=(40) malloc
calls=4 +52 
* 116
* 4
+2 8
+4 4
-1 8
+1 8
-1 8
cfi=(18)
cfn=(46)
calls=4 +14 
* 134

fl=(19)
fn=(54)
144 361
+1 361
+2 361
+1 361
+21 361
+1 361
+1 274
+1 274
+1 267
+1 267
+1 267
+1 267
+21 267
+1 267
+1 267
+1 267
+1 267
+1 267
+1 267
+5 7
+1 7
+9 7
+1 7
+1 7
+1 7
+1 7
+1 7
+1 7
+1 7
-7 94
+1 94
+1 94
+1 94
+1 94
+1 94
+1 94
+1 94
+1 98
+1 68
+1 68
+1 68
+2 68
+1 68
+1 68
+1 68
+1 68
+1 68
-5 30
+1 30
+1 30
+1 30
+1 30
+1 30
+10 3
+1 3
+1 3
+2 3
+6 3
+1 3
+1 3
+1 3
+1 3
+5 3
+2 1
+1 1
+1 2
+8 1
+1 1
+3 1
+1 1
+1 1
+1 1
+1 1
+1 1
1071 1
+1 1
+1 1
+1 1
+1 1
+2 1
+1 1
+1 1
+1 1
+1 1
+1 1
+1 1
1196 5
+1 5
+1 5
+1 5
+1 5
+2 5
+1 5
+1 5
+1 5
+1 5
+1 5
+1 5
+1 1
+4 1
+1 1
+1 1
+6 1
+1 1
+1 2
+4 1
+1 1
+3 1
+1 1
+1 1
+3 1
+1 1
+1 1
+6 1
+1 1
+1 1
+1 1
+1 1
+1 1
+72 27
+1 27
+1 27
+1 27
+1 27
+2 27
+1 27
+1 27
+1 27
+1 27
+1 27
+1 27
1446 11
+1 11
+1 11
+1 11
+1 11
+2 11
+1 11
+1 11
+1 11
+1 11
+1 11
+1 11
+1 1
+4 1
+1 1
+1 1
+6 1
+1 1
+1 2
+4 1
+1 1
+3 1
+1 1
+1 1
+3 1
+1 1
+1 1
+6 1
+1 1
+1 1
+1 1
+1 1
+1 1
+72 2
+1 2
+1 2
+1 2
+1 2
+2 2
+1 2
+1 2
+1 2
+1 2
+1 2
+1 2
+1 1
+4 1
+1 1
+1 1
+6 1
+1 1
+1 2
+4 1
+1 1
+3 1
+1 1
+1 1
+3 1
+1 1
+1 1
+6 1
+1 1
+1 1
+1 1
+1 1
+1 1
+72 15
+1 15
+1 15
+1 15
+1 15
+2 15
+1 15
+1 15
+1 15
+1 15
+1 15
+1 15
1821 5
+1 5
+1 5
+1 5
+1 5
+2 5
+1 5
+1 5
+1 5
+1 5
+1 5
+1 5
+1 3
+4 3
+1 3
+1 3
+6 3
+1 3
+1 6
+4 3
+1 3
+3 3
+1 3
+1 3
+3 3
+1 3
+1 3
+6 3
+1 3
+1 3
+1 3
+1 3
+1 3
+72 4
+1 4
+1 4
+1 4
+1 4
+2 4
+1 4
+1 4
+1 4
+1 4
+1 4
+1 4
+1 3
+4 3
+1 3
+1 3
+6 3
+1 3
+1 6
+4 3
+1 3
+3 3
+1 3
+1 3
+3 3
+1 3
+1 3
+6 3
+1 3
+1 3
+1 3
+1 3
+1 3
+72 28
+1 28
+1 28
+1 28
+1 28
+2 28
+1 28
+1 28
+1 28
+1 28
+1 28
+1 28
2200 10
+2 10
+1 10
+1 10
+1 10
-3 91
+1 91
+1 91
+1 91
+1 204
+5 68
+6 68
+1 68
+8 68
+1 68
-16 293
+6 293
+1 293
+8 293
+1 293

fl=(29)
fn=(90)
74 2

fn=(86)
50 10
+5 8
+5 2
-1 1
+1 2
+1 2
-1 1
+4 1
-13 5
+4 10
+4 1
-1 1
-58 5

fl=(26) /build/glibc-Cl5G7W/glibc-2.23/string/../sysdeps/x86_64/multiarch/../memset.S
fn=(72) memset
53 16
+1 16
+1 16
+1 16
+1 16
+2 16
+1 16
+1 14
+1 14
+15 2
+1 2
+1 2
+1 2
+1 2
+1 2
+1 2
+1 2
+1 2
+1 2
+1 2
+1 2
+1 2
+1 4
+3 2
+1 2
+1 2
+1 2
+1 2
+1 2
+1 2
-6 34
+1 34
+1 34
+1 34
+1 34
+1 34
+1 34
+1 2
+3 14
+1 14
+1 14
+1 6
+1 6
+1 2
+1 2
+3 2
+1 2
+1 2
+1 2
+2 4
+1 4
+1 4
+2 8
+1 8
+1 8

fl=(43)
fn=(142) _dl_load_cache_lookup
185 18
+8 4
+3 6
+45 4
+6 4
+9 2
+6 4
-6 8
+6 2
cfi=(24)
cfn=(68)
calls=2 84 
* 18
+19 2
-19 2
+19 312
cfn=(146) _dl_cache_libcmp
calls=20 138 
* 1426
* 102
-15 8
+15 28
cfn=(146)
calls=2 138 
* 142
* 14
-82 4
cfi=(34) /build/glibc-Cl5G7W/glibc-2.23/elf/dl-misc.c
cfn=(144) _dl_sysdep_read_whole_file
calls=1 45 
* 94
+8 1
-8 1
+8 4
+1 4
cfi=(14)
cfn=(30)
calls=1 24 
* 38
* 2
+7 1
-3 1
+3 3
+3 1
+1 2
-1 1
+1 1
+1 4
cfi=(14)
cfn=(30)
calls=1 24 
* 32
* 2
+61 42
+16 4
+4 4
+8 6
cfi=(11)
cfn=(22)
calls=2 66 
* 68
* 4
+1 2
-1 8
+1 4
cfi=(18)
cfn=(46)
calls=2 61 
* 157
+1 4
cfi=(28)
cfn=(80)
calls=2 40 
* 218
+1 16
-31 18

fn=(146)
138 66
+1 48
+2 216
+2 108
-2 108
+2 4
+6 2
+2 2
-1 2
-1 2
+1 2
+1 8
+2 10
+2 4
+6 212
+2 384
+4 86
+1 86
-29 172
+32 6
-7 40

fn=(234)
322 4
-1 1
+3 2
cfi=(39) /build/glibc-Cl5G7W/glibc-2.23/misc/../sysdeps/unix/syscall-template.S
cfn=(236) munmap
calls=1 84 
* 5
+1 1
+2 2

fl=(45)
fn=(166)
149 50
+15 5
-15 10
+15 5
+1 30
+6 10
+6 15
-18 10
+22 10
+7 5
-32 5
+32 5
+44 5
fi=(5)
76 15
fe=(45)
232 10
fi=(5)
76 15
+6 8
+4 12
+14 4
-8 4
+10 4
-2 8
+20 8
+9 3
fe=(45)
258 206
-98 24
fi=(5)
301 32
fe=(45)
-43 4
fi=(4)
58 4
-10 4
-1 8
+11 4
-11 4
+11 4
fe=(45)
258 1
-98 6
fi=(5)
301 8
fe=(45)
-43 1
fi=(4)
58 1
-10 1
-1 2
+11 1
-11 1
+11 1
fe=(45)
258 5
fi=(4)
58 5
-10 5
-1 10
+11 5
-11 5
+11 5
+3 20
fi=(5)
528 62
+4 62
+2 93
+1 31
fi=(4)
61 153
+2 212
+2 70
-4 6
+13 8
+1 10
+1 44
fi=(5)
528 22
+26 22
fi=(4)
75 22
fi=(5)
554 44
cob=(4)
cfi=(60)
cfn=(228)
calls=1 0 
* 8
cob=(4)
cfi=(60)
cfn=(226)
calls=1 0 
* 8
cob=(4)
cfi=(62)
cfn=(224)
calls=1 16 
* 5
cob=(4)
cfi=(64)
cfn=(222)
calls=1 25 
* 5
cob=(4)
cfi=(63)
cfn=(220)
calls=1 25 
* 5
cob=(4)
cfi=(62)
cfn=(218)
calls=1 10 
* 5
cob=(4)
cfi=(61)
cfn=(216)
calls=1 25 
* 5
cob=(4)
cfi=(60)
cfn=(214)
calls=1 0 
* 8
cob=(4)
cfi=(59)
cfn=(212)
calls=1 8 
* 5
cob=(4)
cfi=(58)
cfn=(210)
calls=1 25 
* 5
cob=(4)
cfi=(57)
cfn=(208)
calls=1 25 
* 5
cob=(4)
cfi=(56)
cfn=(206)
calls=1 25 
* 5
cob=(4)
cfi=(55)
cfn=(204)
calls=1 12 
* 8
cob=(4)
cfi=(54)
cfn=(202)
calls=1 9 
* 8
cob=(3)
cfi=(53)
cfn=(198)
calls=1 0 
* 18
cob=(3)
cfi=(52)
cfn=(194)
calls=1 37 
* 66
cob=(3)
cfi=(51)
cfn=(192)
calls=1 30 
* 6
cob=(3)
cfi=(50)
cfn=(190)
calls=1 45 
* 6
cob=(3)
cfi=(46)
cfn=(188)
calls=1 129 
* 10
cob=(3)
cfi=(50)
cfn=(186)
calls=1 45 
* 6
cob=(3)
cfi=(47)
cfn=(180)
calls=1 38 
* 66
cob=(3)
cfi=(46)
cfn=(178)
calls=1 109 
* 10
fi=(4)
75 22
fi=(5)
555 22
fi=(4)
75 28
fe=(45)
258 4
fi=(4)
75 16
fe=(45)
258 16
+3 20
+24 5
+3 10
+17 15
+2 40
fi=(4)
84 6
-1 6
+3 12
-3 6
+3 6
+12 18
+10 8
+3 11
fi=(5)
512 3
fi=(4)
112 6
fi=(5)
512 1198
fi=(4)
112 2384
fi=(5)
512 2384
+5 2390
+1 2390
fi=(4)
111 2390
fi=(5)
518 1195
fi=(4)
111 1195
+7 18
+6 5
-3 10
+3 13
fi=(5)
447 12
fi=(4)
127 412
+9 206
+3 103
-3 103
+3 103
fi=(5)
269 103
fi=(4)
138 103
-2 103
+1 412
fi=(5)
269 103
+21 206
+4 206
+7 2008
fi=(4)
137 86
fi=(5)
301 172
fi=(4)
137 86
fi=(5)
301 86
fi=(4)
137 86
fi=(5)
301 1376
cfi=(6)
cfn=(172)
calls=86 806 
* 53123
* 688
+2 267
+3 97
-3 194
+3 291
+6 618
fe=(45)
178 10
fi=(5)
435 264
fi=(4)
124 317
+19 8
fi=(5)
301 54
fi=(4)
108 3
fi=(5)
407 45
+4 75
+14 75
fe=(45)
313 25
+3 5
-3 10
+3 5
+4 10
+1 20
cfi=(39)
cfn=(126) mprotect
calls=5 84 
* 25
* 15
fi=(5)
123 20
+6 16
fe=(45)
258 3
fi=(4)
129 10
fi=(5)
301 87
fi=(4)
160 7
+2 20
+8 10
+1 5
-1 5
+1 5
fi=(5)
+98 5
fi=(4)
-99 15
fi=(5)
+99 5
+21 10
+4 10
+7 180
cfi=(6)
cfn=(172)
calls=5 806 
* 2629
* 35
+2 15
+3 1
-3 2
+3 3
+6 30
435 15
fi=(4)
160 17
+14 2
fi=(5)
301 6
fe=(45)

fl=(77)
fn=(300) _dl_runtime_resolve_sse
64 1
+3 1
+2 1
+2 1
+3 1
+1 1
+1 1
+1 1
+1 1
+1 1
+1 1
+1 1
+1 1
+1 1
+1 1
+1 1
+1 1
+1 1
+1 1
+5 1
+1 1
+1 1
+1 1
+14 1
+1 1
+1 1
cfi=(78)
cfn=(302)
calls=1 -46 
* 1031
+1 1
+5 1
+1 1
+1 1
+1 1
+13 1
+1 1
+1 1
+1 1
+1 1
+1 1
+1 1
+1 1
+1 1
+1 1
+1 1
+1 1
+1 1
+1 1
+1 1
+2 1
+2 1
+4 1
+3 1
cob=(3)
cfi=(79)
cfn=(306)
calls=1 -25 
* 1217717270

fn=(301)
64 13
+3 13
+2 13
+2 13
+3 13
+1 13
+1 13
+1 13
+1 13
+1 13
+1 13
+1 13
+1 13
+1 13
+1 13
+1 13
+1 13
+1 13
+1 13
+5 13
+1 13
+1 13
+1 13
+14 13
+1 13
+1 13
cfi=(78)
cfn=(302)
calls=13 -46 
* 12147
+1 13
+5 13
+1 13
+1 13
+1 13
+13 13
+1 13
+1 13
+1 13
+1 13
+1 13
+1 13
+1 13
+1 13
+1 13
+1 13
+1 13
+1 13
+1 13
+1 13
+2 13
+2 13
+4 13
+3 13
cob=(4)
cfi=(137)
cfn=(628)
calls=1 28 
* 73
cob=(3)
cfi=(131)
cfn=(596)
calls=1 25 
* 180
cob=(3)
cfi=(120)
cfn=(562)
calls=1 28 
* 547
cob=(3)
cfi=(119)
cfn=(538)
calls=1 33 
* 115292
cob=(3)
cfi=(85)
cfn=(510)
calls=1 2934 
* 100
cob=(3)
cfi=(117)
cfn=(496)
calls=1 39 
* 812
cob=(3)
cfi=(106)
cfn=(460)
calls=1 26 
* 1415
cob=(3)
cfi=(85)
cfn=(448)
calls=1 3172 
* 241
cob=(3)
cfi=(104)
cfn=(442)
calls=1 -8 
* 1360
cob=(3)
cfi=(97)
cfn=(402)
calls=1 37 
* 570
cob=(3)
cfi=(85)
cfn=(344)
calls=1 2902 
* 195
cfi=(89) /build/glibc-Cl5G7W/glibc-2.23/elf/dl-open.c
cfn=(360) _dl_find_dso_for_object
calls=1 +23 
* 39
cob=(3)
cfi=(84)
cfn=(338)
calls=1 -62 
* 59658

fl=(23) /build/glibc-Cl5G7W/glibc-2.23/elf/dl-hwcaps.c
fn=(66) _dl_important_hwcaps
39 6
+3 1
-3 2
+3 1
-1 1
+1 1
+9 1
-12 4
+12 2
+10 4
162 2
-47 3
cfi=(24)
cfn=(68)
calls=1 -31 
* 9
* 2
+55 3
+2 2
+1 5
+4 2
+4 1
-4 1
+1 1
+3 1
+3 1
+1 1
-1 1
+4 3
+1 1
-1 9
+1 1
+18 10
+1 2
-1 1
+1 3
cfi=(17)
cfn=(40)
calls=1 94 
* 29
* 1
+1 1
-1 1
+1 5
+29 1
+3 1
-3 2
+3 1
+23 7
+6 2
-1 2
+1 6
-1 8
+5 6
+3 1
-3 1
+3 1
-3 3
+3 1
-3 1
+3 5
+1 12
+1 4
-1 4
+1 8
-2 4
+1 8
-1 14
+4 4
+4 1
-1 1
+2 1
-2 1
+1 1
+1 1
-2 1
+2 10
+13 2
+1 1
-1 1
+3 2
-3 2
+1 1
-1 1
+3 2
+3 4
+3 1
-1 1
+1 9
113 1
+17 1
+1 1
-1 9
243 6
cfi=(25)
cfn=(70)
calls=1 61 
* 22
* 4
cfi=(25)
cfn=(70)
calls=1 61 
* 18
+1 4
cfi=(25)
cfn=(70)
calls=1 61 
* 22
* 4
cfi=(25)
cfn=(70)
calls=1 61 
* 18
* 12

fl=(32)
fn=(96)
163 12
+15 6
-3 12
+1 12
-13 12
+14 12
+1 6
+2 6
cfi=(2)
cfn=(98)
calls=6 664 
* 12
+2 6
-1 6
+4 6
-3 12
+3 6
-4 6
+4 6
cfi=(33) /build/glibc-Cl5G7W/glibc-2.23/setjmp/../sysdeps/x86_64/setjmp.S
cfn=(100) __sigsetjmp
calls=6 26 
* 120
* 18
+2 18
cfi=(41)
cfn=(136) openaux
calls=5 60 
* 10785
cfi=(2)
cfn=(102)
calls=1 496 
* 2372
+1 12
+2 6
+1 6
-3 6
+1 12
+1 6
+9 6
-8 6
+8 18

fn=(150)
205 10
+1 1
cfi=(2)
cfn=(98)
calls=1 664 
* 2
+5 1
-1 1
-4 1
+9 1
+2 1
-3 1
+3 1
cfi=(2)
cfn=(152)
calls=1 529 
* 5700
+2 1
+1 1
+1 8

fl=(9)
fn=(60)
45 7
+2 3
+85 8
-45 3
cfi=(21) /build/glibc-Cl5G7W/glibc-2.23/posix/../sysdeps/unix/syscall-template.S
cfn=(62) uname
calls=1 -3 
* 5
* 1
+15 1
-15 1
+20 1
-1 1
+3 12
+4 3
-2 6
+2 10
+2 1
+1 2
-3 4
+7 3
-1 3
+4 3
-2 3
+2 10
+5 2

fl=(36) /build/glibc-Cl5G7W/glibc-2.23/io/../sysdeps/unix/sysv/linux/wordsize-64/fxstat.c
fn=(120) _fxstat
34 4
-1 4
+1 4
+1 24
+4 4

fl=(21)
fn=(62)
84 4
+1 1

fl=(12) /build/glibc-Cl5G7W/glibc-2.23/elf/../misc/sbrk.c
fn=(24) sbrk
34 4
+8 6
+4 2
+16 5

fl=(13)
fn=(28)
30 3
+3 10
+13 62
-13 186
+2 128
+1 20
+5 2
-3 2
+3 2
+2 2
-12 1
+19 1

fl=(27) /build/glibc-Cl5G7W/glibc-2.23/string/../sysdeps/x86_64/multiarch/../strchr.S
fn=(74) index
24 11
+1 11
+1 11
+1 11
+1 11
+1 11
+1 11
+1 11
+1 11
+1 11
+1 11
+1 11
+1 11
+1 11
+1 11
+1 11
+1 11
+1 8
+4 8
+1 8
+1 8
+1 8
+2 8
+4 3
+1 3
+1 3
+1 3
+1 3
+1 3
+1 3
+1 3
+1 3
+1 3
+1 3
+1 3
+1 3
+1 3
+1 3
+1 3
+1 3
+1 3
+1 3
+1 3
+1 3
+1 3
+1 3
+1 3
+52 3
+4 3
+1 3
+1 3
+1 3
+2 3

fl=(39)
fn=(236)
84 4
+1 1

fn=(126)
84 32
+1 8

fl=(89)
fn=(360)
182 5
+1 4
+1 16
+1 2
+3 2
+4 1
-9 9

fl=(10) /build/glibc-Cl5G7W/glibc-2.23/elf/../sysdeps/unix/sysv/linux/x86_64/brk.c
fn=(18) brk
31 7
+8 1
-6 2
+7 1

fl=(37) /build/glibc-Cl5G7W/glibc-2.23/misc/../sysdeps/unix/sysv/linux/wordsize-64/mmap.c
fn=(122) mmap
33 11
-1 110
+1 27
+1 110
+2 77
-3 26

fl=(65) /build/glibc-Cl5G7W/glibc-2.23/elf/dl-init.c
fn=(240) _dl_init
80 11
+1 1
+1 1
+3 3
+8 2
+1 2
+25 18
+1 15
-90 26
cfn=(242) call_init.part.0
calls=4 -2 
* 1789
* 4
+96 8
-96 2
+58 2
+16 1
cfn=(242)
calls=1 -76 
* 76
* 1

fn=(242)
28 25
+8 5
+3 5
-3 10
+3 15
+5 28
+5 6
+9 18
cob=(2)
cfi=(16)
cfn=(278) 0x0000000004c2f428
calls=1 -58 
* 6
cob=(3)
cfi=(67)
cfn=(256)
calls=1 -6 
* 176
cob=(2)
cfi=(16)
cfn=(244) 0x0000000004a28530
calls=1 -58 
* 6
* 3
+4 6
+6 3
+2 6
-2 6
+3 15
+1 12
cob=(4)
cfi=(60)
cfn=(282)
calls=1 -72 
* 17
cob=(3)
cfi=(73)
cfn=(268)
calls=1 482 
* 1424
cob=(5) /usr/lib/valgrind/vgpreload_core-amd64-linux.so
cfi=(66) ???
cfn=(248) 0x0000000000000650
calls=1 -72 
* 17
* 4
cob=(3)
cfi=(75)
cfn=(276)
calls=1 -39 
* 4
* 4
-1 8
+3 30
-29 3
-5 3

fl=(30)
fn=(148) _dl_next_tls_modid
49 1
+3 4
+48 1
+4 2

fn=(164)
354 3
+2 1
+11 3
cfi=(17)
cfn=(44) __libc_memalign
calls=1 52 
* 76
* 1
+1 2
+7 2
+4 1
-57 1
+57 296
-58 2
+1 2
cfi=(17)
cfn=(36)
calls=1 103 
* 38
* 1
+1 2
+3 1
+6 2
+64 5

fn=(200)
890 3
+9 1
-9 1
+6 2
+8 5
+41 1
+1 3
+1 4

fn=(230)
450 2
-1 7
+5 1
+6 3
-6 1
+6 1
-4 1
+16 1
-15 3
+20 6
+6 16
+3 1
+1 2
+6 3
+3 1
-2 2
+2 4
+1 1
+3 1
-1 3
+4 2
+1 4
+2 2
+9 6
cfi=(25)
cfn=(70)
calls=1 61 
* 23
* 4
cfi=(26)
cfn=(72)
calls=1 53 
* 30
* 2
-38 3
+52 2
+2 1
+1 8

fn=(162)
138 7
+6 3
+3 2
+36 3
+2 10
+3 1
-1 1
+5 2
-5 3
+3 3
+2 5
+16 3
+2 2
-2 2
+2 2
+10 1
-37 2
+25 1
-25 4
+40 4
+1 1
+51 1
+1 8

fn=(88)
115 2
+1 2

fl=(33)
fn=(100)
26 6
+9 6
+1 12
+1 6
+4 6
+1 6
+1 6
+1 6
+1 6
+2 12
+2 6
+1 6
+1 6
+2 12
+2 6
+4 6
+1 6

fl=(6)
fn=(10)
956 15
+4 5
+4 10
+2 5
-1 5
+3 15
+1 5
+1 5
+3 5
-3 5
+7 5
-4 5
-1 5
+3 5
+2 5
-7 5
+7 5
+1 5

fn=(176) check_match
92 768
+3 672
+12 576
+3 496
cfi=(19)
cfn=(54)
calls=28 +34 
* 1007
* 56
+5 96
-1 96
+1 96
+2 190
+19 190
+1 760
+2 5
+44 95
-7 95
+7 475
-18 2
+2 1
+1 4
-1 5
+16 1
-7 1
+7 5
-45 282
cfi=(19)
cfn=(54)
calls=94 +6 
* 2324
* 282

fn=(172)
806 1155
568 105
806 420
568 525
+1 105
-1 105
+1 315
-1 315
+1 1279
-1 1279
+1 3837
-1 4047
808 105
+4 105
+4 105
-8 105
+1 210
+7 293
+7 105
-2 105
+2 105
-2 105
+6 105
-7 105
+7 210
-7 630
+15 10
-8 50
+2 1470
cfn=(174) do_lookup_x
calls=105 355 
* 46913
+3 315
+26 210
+22 95
+1 665
+31 95
+9 475
+14 285
+3 380
+5 95
+2 840
-85 70
+16 10
+1 20
+59 2

fn=(174)
355 735
+1 105
-1 525
+48 105
-30 105
-11 105
+41 105
+7 210
-7 210
-30 420
+37 420
-44 210
+3 210
-3 656
+3 656
+4 866
+4 866
+4 866
+6 1299
+8 433
-4 433
+1 433
+3 866
+1 1299
+3 433
+1 866
+2 866
+8 433
-8 433
+8 4330
-99 338
553 2386
+1 136
cfi=(34)
cfn=(106) _dl_name_match_p
calls=68 288 
* 6060
* 204
+3 1014
+3 10
+1 840
-92 190
+50 696
+4 48
+12 190
+1 95
+1 190
413 618
+2 206
+2 1300
+13 309
-10 990
+2 192
+1 480
-1 96
+1 672
-1 96
+1 288
cfn=(176)
calls=96 92 
* 8580
+4 290
+34 10
+94 35
439 855

fl=(44)
fn=(158) match_symbol
76 110
+9 10
-8 10
-1 20
+1 10
+8 10
+6 30
+15 10
+1 20
+2 10
+5 20
+14 172
+12 228
+4 76
-30 152
+19 50
cfi=(19)
cfn=(54)
calls=10 +11 
* 331
* 20
+35 80

fn=(156) _dl_check_map_versions
189 15
-15 45
+17 5
+3 15
-3 5
+2 5
+1 5
+2 5
-3 5
+3 5
+3 6
+4 3
-4 3
+4 12
+17 3
56 6
220 3
56 15
220 2
56 4
220 2
56 10
+1 16
-1 32
+2 63
cfi=(34)
cfn=(106)
calls=21 288 
* 2060
* 47
228 15
+5 40
+19 5
-15 155
cfn=(158)
calls=5 76 
* 754
* 20
cfn=(158)
calls=5 76 
* 615
* 10
+7 60
+3 30
+9 30
+5 6
+1 2
+8 6
+3 12
+10 33
-7 132
+3 99
-3 12
+3 9
+8 12
+87 8
-81 16
cfi=(17)
cfn=(36)
calls=4 103 
* 152
* 4
+1 4
-2 4
+2 4
+11 4
+2 4
-5 4
+3 4
+2 4
-2 4
+2 4
+3 12
+4 15
+18 5
-15 15
+2 15
-2 15
+2 15
+2 10
+1 10
-1 20
+1 10
-1 10
+1 10
+1 10
-2 10
+2 20
+1 30
+3 30
+8 15
+5 2
+1 2
+4 12
+3 12
+20 33
-14 72
-2 33
+7 66
+1 33
-1 99
+1 33
-1 33
+1 33
+1 33
+3 108
+10 36
183 2
-8 2
+95 4
-80 2

fn=(154)
380 5
+4 7
+2 35
cfn=(156)
calls=5 189 
* 5601
-2 5
+2 15
-1 5
-1 10
+5 7

fl=(34)
fn=(144)
45 2
+7 1
-7 3
+7 1
-7 3
+7 1
cfi=(24)
cfn=(110) open
calls=1 +32 
* 5
+1 2
+2 5
cfi=(36)
cfn=(120)
calls=1 -21 
* 10
* 2
+2 1
+3 1
-3 1
+3 1
+13 2
cfi=(24)
cfn=(132) close
calls=1 +11 
* 5
+3 7
-14 6
cfi=(37)
cfn=(122)
calls=1 -29 
* 33
* 2

fn=(106)
288 535
+1 214
cfi=(19)
cfn=(54)
calls=107 144 
* 3456
* 107
+1 107
-1 107
+3 107
+2 214
+4 107
-4 214
+1 345
cfi=(19)
cfn=(54)
calls=115 144 
* 3896
* 230
-5 8
+11 139
-1 99
+1 396

fl=(11)
fn=(22)
66 18
+1 18
+1 18
+1 18
+1 18
+1 18
+1 18
+2 18
+2 18
+30 17
+1 17
+1 17
+1 17
+1 17
+1 8
+1 8
+4 9
+1 9
+1 9
+1 9
+1 9
+1 9
+1 9
+1 9
+1 9
+1 9
+1 9
+1 9
+5 72
+4 1
+1 14
+1 8

fl=(22)
fn=(76) fillin_rpath
444 7
+2 1
-2 9
+4 3
cfi=(17)
cfn=(78) strsep
calls=1 -94 
* 238
* 3
cfi=(17)
cfn=(78)
calls=1 -94 
* 6
* 6
+7 2
+35 15
+1 8
+55 2
+2 2
cob=(2)
cfi=(16)
cfn=(82) 0x0000000004000ab0
calls=1 0 
* 7
* 1
-39 2
+4 2
-1 4
cfi=(17)
cfn=(40)
calls=1 94 
* 29
* 1
+3 1
-3 1
+3 2
+5 1
+1 2
-2 1
+2 1
cfi=(25)
cfn=(70)
calls=1 61 
* 31
+3 1
-3 1
+1 1
+2 1
+6 2
+1 1
-1 2
+1 13
+1 11
-1 2
+3 2
+1 3
+7 1
+1 1
-1 2
383 3
cfi=(27)
cfn=(74)
calls=1 24 
* 23
* 2
+4 2
cfi=(28)
cfn=(80)
calls=1 40 
* 94
* 1
+74 2
+5 2
cfi=(11)
cfn=(22)
calls=1 66 
* 16
+1 2
+7 6
+9 1
-4 3
+4 2
+26 2
+43 1
+3 9
-15 2
-9 2
-57 2

fn=(138) open_path
2040 16
+1 2
+6 2
-6 2
+6 2
+5 18
+52 2
-59 2
-1 2
+60 2
-52 16
+74 8
-62 2
-9 2
+9 2
+7 8
cfi=(25)
cfn=(70)
calls=2 61 
* 62
+1 2
-1 2
+1 10
+20 8
-20 31
+3 16
+5 10
-1 5
+1 10
-1 15
cfi=(25)
cfn=(70)
calls=5 61 
* 99
* 20
cfi=(25)
cfn=(70)
calls=5 61 
* 115
-1 5
+7 5
-7 5
+7 5
+3 45
cfn=(108) open_verify.constprop.7
calls=5 1717 
* 220
* 5
+2 25
+26 4
+2 2
+39 14
+7 2
-2 2
+2 6
+3 6
+14 2
-27 2
+27 14
-84 8
+1 36
+6 4
+2 4
-2 4
+2 8
-2 4
+2 4
cfi=(42)
cfn=(140)
calls=4 34 
* 49
* 8
+1 1
+2 1
-2 1
+2 7
+7 3
-7 3
+7 9
-30 3
+23 6

fn=(64)
689 1
+13 2
-13 8
+13 3
cfi=(23)
cfn=(66)
calls=1 39 
* 398
+5 1
-5 1
+5 1
cfi=(17)
cfn=(40)
calls=1 94 
* 29
* 1
+1 1
-2 1
+2 2
+8 1
-1 1
+1 3
-1 3
+4 4
cfi=(17)
cfn=(40)
calls=1 94 
* 29
* 1
+2 1
-2 1
+2 1
+17 2
+9 2
-19 1
+11 1
-1 1
+3 1
+1 1
-15 2
+23 1
-9 1
+9 5
-3 17
cfi=(26)
cfn=(72)
calls=4 53 
* 60
+3 27
-14 3
+2 3
+1 3
+2 6
-3 3
+4 9
+4 3
-3 3
+3 3
+1 3
-4 9
+4 3
+14 1
-11 1
+6 1
+1 1
+5 1
-12 1
+12 1
+2 4
+2 3
+38 5
+6 3
cfi=(27)
cfn=(74)
calls=1 24 
* 23
* 2
+2 3
cfi=(11)
cfn=(22)
calls=1 66 
* 16
* 8
cfi=(18)
cfn=(46)
calls=1 61 
* 31
* 1
+17 133
+5 1
cfi=(17)
cfn=(40)
calls=1 94 
* 29
* 1
+1 1
-2 1
+2 1
+6 9
cfn=(76)
calls=1 444 
* 609
+4 5
+6 1
+4 8
-70 1
-2 1
+2 2
+14 2

fn=(114) _dl_map_object_from_fd
893 33
+10 3
-10 3
+10 3
-10 9
+10 3
cfi=(29)
cfn=(86)
calls=3 50 
* 24
fi=(35) /build/glibc-Cl5G7W/glibc-2.23/elf/../sysdeps/posix/dl-fileid.h
37 9
fe=(22)
903 3
fi=(35)
37 3
cfi=(36)
cfn=(120)
calls=3 -3 
* 30
* 6
+4 3
fe=(22)
919 3
fi=(35)
40 3
+1 3
fe=(22)
919 48
+1 18
fi=(35)
49 24
fe=(22)
1465 24
937 6
+24 6
+10 6
+22 12
+32 6
904 3
1028 21
cfi=(15)
cfn=(32)
calls=3 61 
* 1227
+1 3
-1 3
+1 3
+11 6
+1 3
-1 3
+2 3
-1 3
+4 3
-1 6
-2 3
+2 6
+1 9
+1 3
+19 3
-2 3
+10 3
-8 18
+8 3
-8 9
+8 3
+87 3
+8 3
-8 12
+8 3
-8 9
-86 45
-1 192
+1 135
+6 6
+1 9
+1 3
+9 30
+5 48
+9 18
-1 18
+1 6
+1 12
+2 6
-2 6
+1 6
-1 6
+3 6
+4 6
-7 6
+2 6
+1 6
+4 6
+1 18
+4 9
-14 3
+14 18
+11 3
-11 9
-14 3
+14 18
+11 3
-44 2
+1 1
+46 3
+4 1
+1 1
+1 1
-1 2
+1 1
+3 3
+1 1
+3 1
-3 1
+7 4
+6 1
cfi=(30)
cfn=(148)
calls=1 49 
* 8
* 2
+1 1
+59 6
+1 9
+1 3
-6 6
+1 3
+8 9
1041 3
1229 3
1041 3
1229 3
+10 9
fi=(38) /build/glibc-Cl5G7W/glibc-2.23/elf/./dl-map-segments.h
56 6
fe=(22)
1239 9
fi=(38)
56 3
fe=(22)
1239 3
fi=(38)
56 3
fe=(22)
1239 6
fi=(38)
56 18
cfi=(37)
cfn=(122)
calls=3 -23 
* 105
+4 3
-4 3
+4 6
+3 6
+1 3
+2 3
-2 3
-1 3
+3 3
+10 6
fi=(40) /build/glibc-Cl5G7W/glibc-2.23/elf/./dl-load.h
+14 12
+1 9
+2 12
fi=(38)
+7 24
+6 3
+2 3
-2 3
+1 3
+2 3
-1 3
+1 3
-1 9
+8 6
+17 6
+12 6
-59 30
+2 6
+2 3
-2 6
+2 30
cfi=(37)
cfn=(122)
calls=3 -57 
* 93
* 9
fe=(22)
1251 12
+9 6
fi=(3)
39 3
fe=(22)
1260 3
fi=(3)
39 3
+6 3
-2 3
+2 6
+15 3
+5 3
+3 3
-1 3
-3 3
-3 62
+10 14
-26 42
+16 57
+10 57
-26 171
+26 3
-26 9
+2 148
+13 68
+2 12
+3 12
+13 6
+20 11
+1 12
+1 12
+1 12
+2 12
+5 12
+1 11
+1 12
+6 9
+5 6
+7 6
+1 9
+16 9
+5 2
+2 2
-2 2
+2 2
+2 4
+2 4
+3 9
+10 1
-8 4
+8 1
+5 2
+3 6
fe=(22)
1267 6
+15 9
+19 6
+2 15
+54 9
+1 2
+3 2
cfi=(24)
cfn=(132)
calls=1 84 
* 5
* 4
cfi=(24)
cfn=(132)
calls=2 84 
* 10
* 6
+9 6
+2 9
+2 3
-2 3
+2 3
+16 6
cfi=(6)
cfn=(10)
calls=3 956 
* 69
+4 6
+1 6
+17 6
+9 3
-5 9
+5 3
+10 6
+10 9
cfi=(15)
cfn=(48)
calls=3 32 
* 129
+4 12
fi=(3)
68 12
+2 15
fe=(22)
1413 2
fi=(38)
119 6
+8 24
cfi=(26)
cfn=(72)
calls=3 -74 
* 298
* 12
-54 12
-1 18
cfi=(39)
cfn=(126)
calls=3 +12 
* 15
* 3
fi=(40)
+22 10
+1 22
+3 8
fi=(38)
+39 9
cfi=(37)
cfn=(122)
calls=1 33 
* 31
+3 3
fe=(22)
1255 4

fn=(104)
2189 42
+8 6
-8 12
+8 6
+1 24
+3 93
+5 126
+2 54
cfi=(34)
cfn=(106)
calls=18 288 
* 2161
* 36
+4 30
+1 45
+3 6
+2 24
cfi=(19)
cfn=(54)
calls=6 144 
* 144
* 12
2500 48
2235 15
+9 3
-53 3
+53 6
+36 6
-2 3
+2 3
cfi=(27)
cfn=(74)
calls=3 24 
* 69
* 6
2431 2
383 3
cfi=(27)
cfn=(74)
calls=1 24 
* 47
* 2
+4 2
cfi=(28)
cfn=(80)
calls=1 40 
* 128
2432 1
-3 1
+3 2
+4 9
cfn=(108)
calls=1 1717 
* 299
+3 1
-3 1
+3 3
+12 3
+46 1
+1 3
-1 1
+1 9
cfn=(114)
calls=1 893 
* 1444
-1 2
+1 6
-1 2
+1 18
cfn=(114)
calls=2 893 
* 3211
* 12
2284 4
cfi=(11)
cfn=(22)
calls=2 66 
* 32
* 2
+2 2
-2 2
+2 2
+7 8
+35 4
+1 28
cfn=(138)
calls=2 2040 
* 1025
+6 4
-6 2
+6 6
666 2
2336 2
666 4
2423 4
+28 6
+2 8
2297 2
+5 2
-5 2
+5 2
+3 4
-3 2
+3 14
-3 6
666 2
2303 2
666 4
2358 2
-14 2
+14 2
+2 6
+4 4
cfi=(43)
cfn=(142)
calls=2 185 
* 2857
+2 2
-2 2
+2 2
+4 4
+8 6
+23 20
cfn=(108)
calls=2 1717 
* 720
+4 2
-4 2
+4 6
+1 4
-89 6
+1 16
666 2
2319 2
666 4

fn=(108)
1717 88
+39 8
-39 24
+39 30
+31 32
cfi=(24)
cfn=(110)
calls=8 84 
* 60
+2 8
-2 8
+2 11
+10 3
+1 6
+5 24
cfi=(24)
cfn=(112) read
calls=3 84 
* 15
+2 6
+2 3
+2 3
-2 6
+2 3
+6 6
+16 12
cfi=(14)
cfn=(30)
calls=3 24 
* 90
* 27
cfi=(14)
cfn=(30)
calls=3 24 
* 108
* 6
+74 6
+5 6
+2 12
+6 6
+11 6
+6 3
+1 3
-1 12
+1 3
-1 3
+1 6
+1 9
+20 135
+2 49
+4 12
+1 9
+12 21
+4 9
+5 2
+1 2
-13 8
cfi=(14)
cfn=(30)
calls=2 24 
* 50
* 12
cfi=(14)
cfn=(30)
calls=3 24 
* 90
* 10
+16 4
+3 14
+3 6
+1 10
-39 3
+67 29
-23 5
+23 35
1826 2
+7 8
cfi=(14)
cfn=(30)
calls=2 24 
* 48
* 4

fl=(7)
fn=(12)
86 8
+25 1
-1 1
+1 201
+6 1
-3 1
+1 1
-4 1
+3 1
+3 4
+1 2
-1 25
+1 108
-1 106
+62 1
+1 1
-1 1
+1 1
-29 1
+1 2
+11 1
+1 1
-1 1
+1 1
-7 1
+1 1
-1 1
+1 1
-4 1
+1 2
-25 1
+1 2
-4 1
+1 2
-7 1
+1 1
+2 1
+1 1
fi=(9)
-90 2
cfi=(10)
cfn=(18)
calls=1 -4 
* 11
fi=(5)
223 5
fi=(8) /build/glibc-Cl5G7W/glibc-2.23/elf/../sysdeps/x86/cpu-features.c
61 2
+3 1
-3 1
+3 9
175 3
+1 1
+3 2
+1 1
+2 2
+1 7
+7 3
+57 2
fe=(7)
-16 1
fi=(8)
+27 1
+1 1
+1 1
fe=(7)
-29 1
+1 1
cfi=(11)
cfn=(22)
calls=1 66 
* 32
* 1
+2 2
cfi=(12)
cfn=(24)
calls=1 34 
* 17
* 3
+12 3
+3 5
cfi=(2)
cfn=(26)
calls=1 790 
* 109686
+1 1
+1 8
fi=(8)
-4 2
+1 4
+1 4
29 2
+4 1
-4 1
+5 1
-1 1
+2 1
-1 1
+1 1
-2 1
+1 1
+1 1
+1 1
-7 2
+3 1
+4 1
+5 1
+32 2
-32 1
+27 1
+5 1
+3 1
+1 8
+57 2
-66 2
250 2
+1 7
fe=(7)

fn=(232)
256 1

fl=(15)
fn=(32)
61 56
+1 4
cfi=(11)
cfn=(22)
calls=4 +4 
* 82
+6 4
-6 8
+6 8
+7 16
cfi=(17)
cfn=(36)
calls=4 +28 
* 209
* 4
+3 4
-3 4
+3 4
+4 4
+5 8
-6 4
+6 4
-5 4
+3 8
+2 4
cfi=(18)
cfn=(46)
calls=4 -26 
* 111
+10 4
-10 4
+10 4
-8 4
+9 8
-1 12
+1 12
+3 4
-4 4
+1 4
+3 4
+9 4
-7 4
+4 4
+3 10
+2 2
-2 2
+2 30
-2 30
+12 4
+6 4
-5 4
-1 4
+6 20
+2 3
+3 3
-3 3
+3 3
-3 6
+7 9
+4 6
+2 5
+6 1
+6 1
-3 2
+3 5
-3 6
+3 6
+2 9
cfi=(11)
cfn=(22)
calls=3 -91 
* 102
+4 3
-4 12
+4 9
+64 6
+4 32
68 40
+34 11
+39 12
+70 9
cfi=(25)
cfn=(70)
calls=3 61 
* 97
* 53
+6 50
-1 50
+1 53
-1 3
+1 9
+5 6
-89 2
+32 6
cfi=(17)
cfn=(40)
calls=3 -71 
* 87
* 3
+1 3
-1 3
+1 9
+2 1
-35 2

fn=(48)
32 20
+2 8
cfi=(2)
cfn=(50)
calls=4 704 
* 8
+2 4
-2 4
+2 27
+3 27
+2 3
+2 3
+4 3
+4 3
-4 6
+1 3
+4 6
-4 3
+1 3
+3 3
-3 3
+2 3
cfi=(2)
cfn=(52)
calls=3 710 
* 6
-4 1
+4 1
-4 2
+1 1
+4 2
-4 1
+1 1
+3 1
-3 1
+2 1
cfi=(2)
cfn=(52)
calls=1 710 
* 2
-5 2

fl=(41)
fn=(136)
60 10
+7 5
-4 55
cfi=(22)
cfn=(104)
calls=5 2189 
* 10700
* 5
+5 10

fn=(134)
161 1
-1 1
+1 1
-1 4
+1 1
-1 2
+1 1
-1 2
+1 1
-1 2
+1 3
-15 1
+15 1
-17 1
+1 1
+1 1
+6 4
+26 1
-26 1
+26 7
-34 1
+2 1
+33 2
-33 1
-2 1
+2 2
-2 1
+1 1
+1 1
+6 3
+26 1
-26 1
+26 5
+4 1
+21 1
+1 1
-22 2
+19 1
-12 1
+15 1
-16 2
+13 1
317 9
217 1
-4 1
-4 1
+8 5
-4 4
-4 4
+8 4
+12 10
+2 3
+11 3
-5 3
-6 6
+5 3
+2 6
+1 6
+3 21
+50 15
+1 9
-51 312
+1 156
+6 25
cfi=(27)
cfn=(74)
calls=5 24 
* 163
* 10
+5 25
-3 5
+3 5
cfi=(32)
cfn=(96)
calls=5 -91 
* 11095
+2 15
+15 5
+2 10
+5 3
+6 3
+2 3
-8 6
+3 3
+1 3
+1 3
+1 3
+4 18
+7 219
459 15
+2 9
+2 9
cfi=(17)
cfn=(40)
calls=3 94 
* 87
* 3
+2 3
-2 3
+2 3
+4 12
-1 3
+1 3
cfi=(18)
cfn=(46)
calls=3 61 
* 68
+1 15
cfi=(18)
cfn=(46)
calls=3 61 
* 68
+4 3
-1 3
+5 28
+7 6
+1 1
+3 5
+10 4
cfi=(17)
cfn=(40)
calls=1 94 
* 29
* 1
+3 1
-3 1
+3 1
+5 6
+1 1
-1 3
+1 2
+8 2
+4 3
-4 1
-6 3
-2 4
+8 8
+4 12
-4 4
-6 12
+13 3
+51 3
+2 3
+42 1
-4 1
+5 2
-1 4
+1 2
cfi=(26)
cfn=(72)
calls=1 53 
* 15
* 1
-2 9
+7 1
-1 1
+1 1
-1 2
+7 1
-7 1
+7 2
-13 3
+7 3
-1 3
+1 3
-1 6
+7 3
-7 3
+7 9
+2 12
+1 6
-1 12
+1 9
+2 30
+1 21
+28 27
cfi=(26)
cfn=(72)
calls=3 53 
* 54
* 15
-6 6
-28 12
+31 14
-6 2
+16 2
+2 1
+1 1
-1 1
+2 3
+7 3
+3 3
+3 8
481 12
-1 5
+1 11
202 2
+27 8
-19 4
+8 32
+2 3
+2 12
+2 30
338 8
611 8
cfi=(18)
cfn=(46)
calls=1 61 
* 42
+2 1
-38 1
+38 1
209 2

fl=(17)
fn=(36)
103 10
+8 30
-4 10
+4 20
+3 10
cfn=(40)
calls=10 -20 
* 398
* 10

fn=(84) free
120 1
+2 3
+7 2

fn=(40)
94 26
+1 52
cfn=(44)
calls=26 -43 
* 758
* 26

fn=(78)
354 4
+2 2
+1 4
+4 33
+7 84
-2 56
+13 1
+4 2
-7 14
-15 44

fn=(44)
52 81
+1 107
+11 78
+3 26
-3 26
+3 52
-3 3
+3 1
-3 1
+3 98
+4 12
+1 6
+6 24
cfi=(37)
cfn=(122)
calls=3 -45 
* 99
+2 15
+4 9
+3 3
+1 3
+2 15
-3 24
+1 24
+2 120
-31 2
-1 5

fl=(141)
fn=(654)
130 8
+17 1
+3 15
+3 2
cfi=(2)
cfn=(50)
calls=1 704 
* 2
+2 1
+3 2
+2 6
+8 1
-3 1
+3 8
+7 10
+2 10
+2 5
+1 5
+5 5
-6 5
-6 5
+8 5
-8 11
+14 9
+1 2
+4 1
31 1
+2 1
192 1
33 1
+6 1
-1 1
+2 1
-2 2
+1 8
+1 1
cfi=(26)
cfn=(72)
calls=1 +13 
* 15
* 1
+77 20
+3 24
cfi=(26)
cfn=(72)
calls=3 -67 
* 54
* 8
-76 12
+1 12
+4 16
+6 8
+1 8
+2 30
+1 15
+2 30
+1 21
201 3
cfi=(2)
cfn=(52)
calls=1 710 
* 2
+5 3
81 4
208 1
+2 3
-2 4
+2 12
+3 10
+3 15
+4 6
+9 3
+3 3
-3 3
+3 6
+2 12
+1 6
cob=(4)
cfi=(60)
cfn=(690)
calls=1 0 
* 78
cob=(5)
cfi=(66)
cfn=(668) 0x0000000000000610
calls=1 0 
* 78
cob=(6)
cfi=(76)
cfn=(656) 0x0000000000400970
calls=1 0 
* 16
-1 12
+5 6
+1 9
cob=(2)
cfi=(16)
cfn=(706) 0x0000000004ca0d0c
calls=1 0 
* 3
cob=(2)
cfi=(16)
cfn=(688) 0x0000000004a287b8
calls=1 0 
* 3
cob=(2)
cfi=(16)
cfn=(666) 0x0000000000402874
calls=1 0 
* 3
+6 30
+16 10
-56 13
+11 6
92 18
+21 6
-57 15
268 4
+2 1
-2 2
+6 2
+7 8

fl=(1) ???
fn=(0) 0x0000000000000c30
0 2
cfi=(2)
cfn=(2)
calls=1 353 
0 111008
0 14
cfi=(65)
cfn=(240)
calls=1 80 
0 1962
0 3
cob=(6)
cfi=(76)
cfn=(292) _start
calls=1 0 
0 1217718367

fl=(24)
fn=(112)
84 12
+1 3

fn=(68)
84 16
+2 20

fn=(132)
84 16
+1 4

fn=(110)
84 36
+1 4
+1 25

fl=(18)
fn=(46)
61 19
+2 19
+2 19
+3 17
+1 17
+2 5
+1 5
+2 5
+1 5
+5 5
+1 5
-1 12
+1 12
+2 5
+1 5
+2 5
+1 10
+5 5
+1 5
-1 12
+1 12
+2 4
+1 4
+2 4
+1 4
+5 4
+1 4
-1 13
+1 13
+2 12
+1 12
+2 12
+1 12
+5 12
+1 12
-1 5
+1 13
+5 8
+1 8
+1 8
+1 8
+2 8
+2 8
+1 8
+2 8
+8 17
+8 8
+6 8
+2 8
+1 8
+3 3
+1 9
+5 3
+1 3
+2 3
+2 3
+1 3
+2 3
-8 8
+1 8
+2 8
+2 8
+1 8
+2 14
+9 3
+1 3
-1 5
+1 5
+3 8
+1 8
+1 8
+5 6
+2 6
+1 6
+1 6
+1 6
+2 6
+1 6
+1 6
+1 6
+2 6
+1 6
+2 6
+22 8
+6 8
+1 8
+2 2

fl=(14)
fn=(30)
24 18
+1 18
+1 18
+1 18
+1 18
+1 18
+1 18
+1 18
+3 18
+1 18
+1 6
+1 6
+1 6
+1 6
+1 6
+1 6
+1 6
+2 17
+1 17
+1 5
+1 5
+1 5
+1 5
+1 5
+1 5
+1 5
+2 17
+1 17
+1 6
+1 6
+1 6
+1 6
+1 2
+1 2
+1 2
+2 13
+1 13
+1 7
+1 7
+1 7
+1 7
+5 6
+1 6
+1 6
+1 6
+1 6
+1 6
+1 6
+1 3
+1 3
+1 3
+1 3
+1 3
+7 3
+2 4
+4 11
+1 11
+1 2
+1 2
+1 2
+1 2
+1 2
+1 2
+1 2
+1 2
+1 2
+1 2
+1 2
+4 12
+1 12

ob=(5)
fl=(66)
fn=(668)
0 8
cob=(2)
cfi=(16)
cfn=(674) 0x0000000004a28570
calls=1 0 
0 57
0 1
cfn=(682) 0x0000000000000580
calls=1 0 
0 9
0 3

fn=(682)
0 9

fn=(248)
0 17

ob=(6)
fl=(76)
fn=(574) printInstance
0 17280
cob=(3)
cfi=(120)
cfn=(562)
calls=1728 28 
0 549504
0 1728
0 127872
cob=(3)
cfi=(120)
cfn=(562)
calls=10368 28 
0 18333173
0 10368
0 57024
cob=(3)
cfi=(120)
cfn=(562)
calls=1728 28 
0 1016578
0 1728
0 5184

fn=(656)
0 5
cfn=(660) 0x00000000004008f0
calls=1 0 
0 8
0 3

fn=(642) freeArrayAndInstances
0 13831
cfn=(644) freeInstance
calls=1728 0 
0 373248
0 6918
cob=(3)
cfi=(85)
cfn=(510)
calls=1 2934 
0 166
0 1
0 3

fn=(644)
0 13824
cob=(3)
cfi=(85)
cfn=(510)
calls=1728 2934 
0 172800
0 1728
0 5184
cob=(3)
cfi=(85)
cfn=(510)
calls=1728 2934 
0 172800
0 1728
0 5184

fn=(646) freeTree
0 13
cfn=(647) freeTree'2
calls=1 0 
0 116
0 4
cfn=(647)
calls=1 0 
0 19796
0 3
cob=(3)
cfi=(85)
cfn=(510)
calls=1 2934 
0 100
0 1
0 3

fn=(647)
0 1822
cfn=(647)
calls=82 0 
0 77192
0 328
cfn=(647)
calls=82 0 
0 69272
0 498
cob=(3)
cfi=(85)
cfn=(510)
calls=166 2934 
0 16600
0 166
0 498

fn=(526) freeList
0 13831
cob=(3)
cfi=(85)
cfn=(510)
calls=1727 2934 
0 172700
cob=(1)
cfi=(77)
cfn=(301)
calls=1 64 
0 1072
0 1732
0 3461

fn=(612) learn
0 16
cob=(3)
cfi=(85)
cfn=(344)
calls=1 2902 
0 303
0 1
0 6
cfn=(614) sameClass
calls=1 0 
0 44
0 8
cfn=(616) noisyData
calls=1 0 
0 347
0 17
cfn=(618) findBestFeatureAndSplit
calls=1 0 
0 630558426
0 25
cfn=(632) split
calls=1 0 
0 83063
0 7
cfn=(613) learn'2
calls=1 0 
0 7776
0 6
cob=(3)
cfi=(85)
cfn=(510)
calls=1 2934 
0 161
0 1
0 6
cfn=(613)
calls=1 0 
0 548304913
0 6
cob=(3)
cfi=(85)
cfn=(510)
calls=1 2934 
0 149
0 1
0 6

fn=(613)
0 2656
cob=(3)
cfi=(85)
cfn=(344)
calls=166 2902 
0 35953
0 166
0 996
cfn=(614)
calls=166 0 
0 32646
0 1496
cfn=(616)
calls=82 0 
0 25386
0 1394
cfn=(618)
calls=82 0 
0 547891354
0 2050
cfn=(632)
calls=82 0 
0 296818
0 574
cfn=(613)
calls=82 0 
0 153679159
0 492
cob=(3)
cfi=(85)
cfn=(510)
calls=82 2934 
0 9122
0 82
0 492
cfn=(613)
calls=82 0 
0 389096236
0 492
cob=(3)
cfi=(85)
cfn=(510)
calls=82 2934 
0 9442
0 82
0 996

fn=(632)
0 178220
cob=(3)
cfi=(85)
cfn=(344)
calls=83 2902 
0 15529
0 83
0 498
cob=(3)
cfi=(85)
cfn=(344)
calls=83 2902 
0 16587
0 83
0 168881

fn=(520) push
0 15552
cob=(3)
cfi=(85)
cfn=(344)
calls=1728 2902 
0 336960
0 1728
0 24192

fn=(620) calcEntropy
0 1746108
cfn=(622) info
calls=42588 0 
0 1173797080
0 1405404

fn=(634) printTree
0 15
cfn=(636) printNode
calls=1 0 
0 2473
0 12
cfn=(635) printTree'2
calls=1 0 
0 1063
0 7
cfn=(635)
calls=1 0 
0 591504
0 3

fn=(635)
0 5670
cob=(3)
cfi=(120)
cfn=(562)
calls=1392 28 
0 304848
0 1392
0 6564
cfn=(636)
calls=166 0 
0 271617
0 1404
cfn=(635)
calls=82 0 
0 2363792
0 574
cfn=(635)
calls=82 0 
0 2081055
0 498

fn=(640) classify
0 183030

fn=(332)
0 17
cob=(1)
cfi=(77)
cfn=(301)
calls=1 64 
0 60619
0 5
0 10
cob=(1)
cfi=(77)
cfn=(301)
calls=1 64 
0 1163
0 5
0 8654
cob=(3)
cfi=(104)
cfn=(442)
calls=1728 151 
0 1358129
cob=(1)
cfi=(77)
cfn=(301)
calls=1 64 
0 2508
0 1733
0 138188
cob=(3)
cfi=(106)
cfn=(460)
calls=12091 26 
0 9670169
0 12091
0 10374
cob=(3)
cfi=(106)
cfn=(460)
calls=1728 26 
0 2500269
cob=(1)
cfi=(77)
cfn=(301)
calls=1 64 
0 2522
0 1733
0 34570
cob=(3)
cfi=(85)
cfn=(344)
calls=1728 2902 
0 473393
0 1728
0 12096
cob=(3)
cfi=(85)
cfn=(344)
calls=1728 2902 
0 337126
0 1728
0 209088
cfn=(520)
calls=1728 0 
0 378432
0 15552
cob=(3)
cfi=(117)
cfn=(496)
calls=1728 39 
0 1157760
0 1728
0 4
cob=(1)
cfi=(77)
cfn=(301)
calls=1 64 
0 1796
0 5
0 8650
cob=(3)
cfi=(97)
cfn=(402)
calls=1729 37 
0 305228
cob=(1)
cfi=(77)
cfn=(301)
calls=1 64 
0 1529
0 1734
0 3463
cob=(3)
cfi=(117)
cfn=(496)
calls=1 39 
0 539
0 1
0 6
cob=(3)
cfi=(85)
cfn=(344)
calls=1 2902 
0 469
0 1
0 25932
cfn=(526)
calls=1 0 
0 192796
0 3
cfn=(532) printNames
calls=1 0 
0 20586365
0 3
cfn=(610) makeTree
calls=1 0 
0 1178955425
0 3
cob=(3)
cfi=(119)
cfn=(538)
calls=1 33 
0 730
0 1
0 5
cfn=(634)
calls=1 0 
0 595077
0 8
cfn=(638) accuracy
calls=1 0 
0 226255
0 3
cob=(3)
cfi=(120)
cfn=(562)
calls=1 28 
0 4059
0 1
0 9
cfn=(642)
calls=1 0 
0 394167
0 3
cob=(3)
cfi=(85)
cfn=(510)
calls=1 2934 
0 100
0 1
0 4
cfn=(646)
calls=1 0 
0 20036
0 3
cob=(3)
cfi=(85)
cfn=(510)
calls=1 2934 
0 100
0 1
0 6

fn=(572) printInstances
0 17288
cfn=(574)
calls=1728 0 
0 20120439
0 3456
cob=(3)
cfi=(131)
cfn=(596)
calls=1727 25 
0 310860
cob=(1)
cfi=(77)
cfn=(301)
calls=1 64 
0 1148
0 1732
0 6918

fn=(610)
0 6
cob=(3)
cfi=(85)
cfn=(344)
calls=1 2902 
0 113
0 1
0 11
cfn=(612)
calls=1 0 
0 1178955288
0 6

fn=(618)
0 854582
cfn=(620)
calls=42588 0 
0 1176948592
0 646606

fn=(532)
0 8
cob=(1)
cfi=(77)
cfn=(301)
calls=1 64 
0 116267
0 5
0 22
cob=(3)
cfi=(120)
cfn=(562)
calls=3 28 
0 1674
cob=(1)
cfi=(77)
cfn=(301)
calls=1 64 
0 1564
0 8
0 26
cob=(3)
cfi=(119)
cfn=(538)
calls=1 33 
0 429
0 1
0 2
cob=(3)
cfi=(119)
cfn=(538)
calls=1 33 
0 326
0 1
0 32
cob=(3)
cfi=(120)
cfn=(562)
calls=6 28 
0 3337
0 6
0 36
cob=(3)
cfi=(119)
cfn=(538)
calls=1 33 
0 429
0 1
0 2
cob=(3)
cfi=(119)
cfn=(538)
calls=1 33 
0 335
0 1
0 9
cfn=(572)
calls=1 0 
0 20461841
0 3

fn=(614)
0 32690

fn=(636)
0 2667
cob=(3)
cfi=(120)
cfn=(562)
calls=83 28 
0 202980
0 83
0 587
cob=(3)
cfi=(120)
cfn=(562)
calls=84 28 
0 67188
0 84
0 501

fn=(312)
0 15
cob=(2)
cfi=(16)
cfn=(314) 0x00000000004007a0
calls=1 0 
0 6
0 8
cfn=(318) 0x0000000000400990
calls=1 0 
0 16
0 11

fn=(616)
0 25733

fn=(622)
0 1153379959
cob=(4)
cfi=(137)
cfn=(628)
calls=131943 28 
0 9338197
cob=(1)
cfi=(77)
cfn=(301)
calls=1 64 
0 874
0 131948
0 3178720
cob=(4)
cfi=(137)
cfn=(628)
calls=78980 28 
0 5498610
0 78980
0 2189792

fn=(660)
0 8

fn=(292)
0 11
cob=(1)
cfi=(77)
cfn=(300)
calls=1 64 
0 1217718351
0 5

fn=(638)
0 17295
cfn=(640)
calls=1728 0 
0 183030
0 25930

fn=(318)
0 16

ob=(2)
fl=(16)
fn=(666)
0 3

fn=(706)
0 3

fn=(696)
0 1
cob=(3)
cfi=(142)
cfn=(676)
calls=1 31 
0 56

fn=(342)
0 3461
cob=(3)
cfi=(85)
cfn=(344)
calls=3461 2902 
0 1255848

fn=(674)
0 1
cob=(3)
cfi=(142)
cfn=(676)
calls=1 31 
0 56

fn=(688)
0 3

fn=(82)
0 1
cob=(1)
cfi=(17)
cfn=(84)
calls=1 120 
0 6

fn=(314)
0 6

fn=(278)
0 6

fn=(244)
0 6

fn=(508)
0 5189
cob=(3)
cfi=(85)
cfn=(510)
calls=5189 2934 
0 659153

totals: 1217831356
